$SPEC_ID:
Pb
$SPEC_REM:
DET# 1
DETDESC# MULTICANAL MCB 2
AP# Maestro Version 5.30
$DATE_MEA:
01/01/1999 01:02:26
$MEAS_TIM:
600 609
$DATA:
0 1023
       0
       0
       0
       0
       5
    1294
    1520
    1552
    1557
    1576
    1660
    1589
    1609
    1559
    1736
    1695
    1689
    1763
    1702
    1834
    1793
    1881
    1934
    1841
    2109
    2108
    2143
    2096
    2191
    2151
    2284
    2400
    2378
    2416
    2467
    2432
    2520
    2507
    2675
    2614
    2642
    2694
    2677
    2755
    2704
    2766
    2749
    2732
    2859
    2951
    2948
    2855
    3045
    2983
    3050
    3025
    2988
    3212
    3135
    3195
    3157
    3137
    3154
    3208
    3220
    3209
    3161
    3220
    3236
    3220
    3161
    3276
    3144
    3268
    3132
    3321
    3257
    3260
    3322
    3299
    3355
    3286
    3408
    3464
    3532
    3507
    3446
    3382
    3402
    3358
    3517
    3399
    3469
    3480
    3454
    3346
    3307
    3321
    3306
    3323
    3281
    3203
    3221
    3198
    3146
    3210
    3190
    3016
    3063
    3014
    2927
    2904
    3083
    2933
    2826
    2894
    2930
    2784
    2892
    2800
    2777
    2764
    2710
    2698
    2662
    2604
    2645
    2655
    2649
    2581
    2654
    2595
    2503
    2418
    2556
    2437
    2399
    2380
    2427
    2391
    2326
    2249
    2404
    2355
    2353
    2224
    2319
    2331
    2265
    2258
    2287
    2198
    2118
    2087
    2085
    1995
    2058
    2080
    1977
    2087
    1907
    1983
    1902
    1911
    1872
    1843
    1834
    1747
    1701
    1730
    1617
    1694
    1660
    1593
    1583
    1535
    1510
    1514
    1366
    1454
    1373
    1366
    1270
    1366
    1334
    1281
    1304
    1200
    1268
    1323
    1256
    1224
    1232
    1154
    1221
    1158
    1135
    1129
    1179
    1076
    1126
    1104
    1118
    1081
    1080
    1083
    1080
    1077
    1112
    1023
    1054
    1074
    1047
    1075
    1015
    1052
    1106
    1071
    1063
    1091
    1089
    1084
    1130
    1127
    1216
    1184
    1262
    1195
    1288
    1341
    1324
    1547
    1497
    1653
    1807
    1834
    1903
    2092
    2151
    2414
    2438
    2670
    2764
    2915
    3091
    3390
    3441
    3634
    3688
    3906
    4124
    4275
    4408
    4478
    4556
    4688
    4744
    4780
    4786
    4821
    4922
    4742
    4640
    4586
    4398
    4323
    4160
    4142
    4067
    3706
    3639
    3387
    3259
    3046
    2777
    2708
    2494
    2312
    2101
    1992
    1731
    1712
    1442
    1395
    1236
    1197
    1115
    1030
     946
     840
     773
     712
     651
     619
     566
     544
     524
     483
     489
     439
     444
     411
     430
     399
     353
     354
     367
     376
     348
     383
     337
     329
     351
     355
     316
     331
     328
     319
     331
     323
     296
     311
     302
     312
     274
     319
     275
     336
     277
     303
     299
     307
     312
     292
     331
     308
     292
     289
     280
     340
     272
     266
     317
     291
     285
     290
     300
     297
     300
     286
     301
     290
     297
     305
     292
     301
     281
     277
     307
     267
     259
     302
     268
     314
     296
     236
     303
     288
     297
     283
     290
     288
     296
     279
     284
     321
     301
     310
     314
     250
     316
     300
     283
     284
     275
     286
     273
     280
     282
     282
     304
     305
     242
     271
     259
     250
     264
     296
     276
     285
     237
     299
     271
     290
     281
     288
     296
     267
     283
     284
     293
     283
     304
     292
     279
     296
     260
     309
     307
     266
     276
     290
     263
     295
     262
     290
     287
     285
     301
     239
     277
     327
     246
     271
     265
     314
     251
     282
     268
     272
     301
     262
     285
     284
     294
     266
     288
     277
     276
     287
     291
     299
     288
     293
     319
     284
     255
     278
     304
     286
     275
     306
     304
     304
     278
     344
     308
     308
     322
     277
     318
     306
     280
     294
     298
     322
     301
     295
     289
     285
     294
     303
     326
     287
     318
     305
     301
     297
     295
     318
     295
     300
     319
     301
     281
     294
     311
     269
     278
     280
     307
     290
     321
     298
     285
     289
     304
     294
     300
     285
     278
     272
     280
     272
     260
     243
     261
     246
     253
     232
     215
     275
     250
     231
     236
     229
     234
     219
     220
     186
     206
     188
     183
     179
     194
     184
     197
     189
     168
     160
     178
     172
     182
     171
     162
     153
     138
     143
     127
     149
     162
     144
     140
     148
     143
     157
     152
     142
     148
     126
     108
     124
     128
     120
     135
     117
     102
     121
     120
     105
     111
     132
     108
     121
     103
     110
     110
     121
     118
     103
     129
     123
     128
     103
     116
     106
     139
     132
     135
     132
     122
     157
     127
     136
     148
     140
     175
     179
     162
     214
     187
     223
     204
     227
     223
     245
     249
     270
     227
     281
     303
     289
     327
     348
     353
     385
     359
     403
     397
     413
     472
     427
     462
     468
     515
     497
     530
     540
     543
     600
     466
     505
     618
     589
     585
     584
     624
     618
     628
     602
     623
     621
     609
     585
     622
     603
     642
     629
     647
     590
     567
     608
     606
     606
     535
     543
     510
     449
     514
     431
     458
     430
     400
     444
     390
     393
     401
     372
     341
     317
     276
     332
     281
     285
     229
     217
     243
     212
     223
     190
     195
     172
     172
     183
     156
     151
     127
     110
     117
     141
      97
      72
     101
      88
      75
      64
      88
      80
      59
      69
      74
      71
      52
      54
      44
      46
      50
      43
      37
      46
      48
      40
      38
      41
      42
      46
      45
      33
      45
      38
      31
      33
      31
      36
      41
      40
      36
      38
      39
      31
      45
      28
      40
      33
      43
      25
      28
      38
      25
      35
      26
      20
      27
      26
      22
      28
      23
      30
      41
      32
      35
      26
      19
      14
      23
      25
      26
      23
      22
      24
      23
      23
      25
      25
      24
      19
      18
      17
      14
      24
      28
      22
      22
      22
      19
      16
      16
      10
      23
      15
      19
      15
      15
      19
      15
      18
      12
      14
      22
       8
      18
      10
      20
      18
      15
      12
      10
      12
      12
      14
       9
      11
      13
      12
      12
       9
      12
      11
      10
      14
       9
      17
      10
       9
      12
       9
      13
       6
      10
       7
       8
       9
      10
       8
       8
       6
       7
       9
       7
       9
      13
       7
      11
       9
       6
       8
       7
      12
       7
       9
      13
       4
      12
       8
       9
       8
       5
       5
       3
       8
       8
       7
       6
       5
      11
       4
      16
       6
       7
       5
       4
       8
       8
       9
       9
       6
       4
       5
      10
      12
      16
       7
       7
      11
       4
       6
      10
       6
       5
      10
       5
      10
       5
       8
      12
      10
       6
      12
      16
       9
      12
       8
       9
      13
       8
      14
      11
      11
      14
       7
      11
       8
      14
      13
      11
      14
      10
       6
      13
       6
      13
      10
      17
      13
       7
       8
      13
       7
       9
      10
      12
      10
       9
       5
      11
       6
      12
       5
       8
       6
       4
       6
       6
       9
       7
       4
       6
       4
       4
      12
       5
       6
      12
       5
       7
       4
       5
       1
       7
       6
       4
       4
       5
       6
       7
       4
       3
       3
       5
       4
       2
       2
       4
       6
       7
       4
       1
       5
       1
       3
       1
       4
       4
       4
       3
       5
       2
       4
       3
       2
       5
       1
       2
       1
       2
       4
       0
       4
       5
       2
       1
       4
       3
       1
       1
       2
       5
       2
       1
       1
       3
      40
      37
      43
      34
      39
      43
      48
      39
      41
      38
      36
      42
      29
      44
      41
      33
      34
      40
      33
      34
      32
      37
      26
$ROI:
0
$PRESETS:
Live Time
600
0
$ENER_FIT:
0.000000 0.022071
$MCA_CAL:
3
0.000000E+000 2.207131E-002 0.000000E+000
$SHAPE_CAL:
3
0.000000E+000 0.000000E+000 0.000000E+000
