$SPEC_ID:
Pb
$SPEC_REM:
DET# 1
DETDESC# MULTICANAL MCB 2
AP# Maestro Version 5.30
$DATE_MEA:
01/01/1999 03:22:46
$MEAS_TIM:
300 301
$DATA:
0 1023
       0
       0
       0
       0
       1
     827
    1099
    1014
    1173
    1186
    1188
    1278
    1288
    1318
    1349
    1377
    1394
    1417
    1392
    1449
    1438
    1408
    1461
    1462
    1450
    1465
    1492
    1427
    1429
    1438
    1463
    1402
    1384
    1415
    1409
    1416
    1389
    1309
    1307
    1317
    1264
    1201
    1233
    1236
    1173
    1183
    1195
    1114
    1165
    1099
    1127
    1175
    1098
    1032
    1059
    1054
    1000
    1003
    1034
     861
     919
     899
     879
     894
     850
     841
     801
     774
     757
     770
     748
     705
     695
     722
     681
     666
     690
     613
     617
     675
     637
     603
     577
     589
     547
     544
     531
     587
     544
     576
     580
     584
     614
     574
     602
     640
     611
     654
     682
     691
     638
     766
     748
     749
     802
     822
     853
     829
     885
     866
     856
     866
     862
     768
     755
     750
     690
     675
     597
     564
     498
     444
     442
     393
     369
     355
     356
     298
     306
     316
     341
     330
     306
     298
     324
     358
     338
     368
     396
     394
     394
     403
     440
     429
     529
     507
     531
     538
     580
     618
     602
     634
     635
     678
     649
     677
     681
     685
     671
     641
     605
     556
     547
     530
     491
     453
     439
     403
     371
     302
     255
     244
     225
     206
     192
     196
     155
     148
     154
     157
     154
     103
     128
     111
     119
     116
     123
     116
     116
     107
     111
      90
     122
     108
     101
      80
      93
     104
     109
     106
     106
      89
      93
     103
     105
     107
      79
     102
      91
     107
     107
     108
     114
      94
      99
      99
      91
     110
     102
      85
      96
     110
      93
      90
      89
     102
      93
      94
     105
      98
      82
      98
     107
     102
     103
      96
      86
      96
      97
      87
      88
      89
      90
     104
      90
     101
      86
      84
      77
      76
      94
      97
      84
      76
      88
      93
      86
      96
      89
      73
      70
     102
      58
      79
      60
      65
      63
      67
      65
      76
      71
      71
      61
      79
      62
      64
      74
      57
      65
      67
      73
      84
      85
      68
      72
      95
      75
      71
      73
      82
      61
      84
      62
      71
      79
      79
      76
      74
      75
      90
      78
      70
      88
      97
      97
      91
      89
      89
     122
      97
     100
     102
      96
     101
     109
     107
     100
     139
     109
      99
     119
     131
     115
     103
     102
     113
     118
     122
     114
      99
     118
     109
      85
      91
      89
      82
      80
      67
      88
      74
      66
      67
      65
      53
      77
      51
      40
      57
      53
      51
      47
      46
      53
      46
      37
      51
      58
      34
      50
      37
      48
      57
      55
      58
      61
      44
      52
      58
      57
      57
      59
      47
      48
      62
      59
      58
      59
      71
      57
      70
      59
      90
      66
      86
      81
      70
      87
      80
      78
      87
      64
      77
      67
      92
      70
      80
      81
      66
      78
      85
      64
      68
      60
      76
      63
      53
      53
      60
      56
      54
      58
      53
      40
      62
      43
      47
      27
      26
      32
      34
      30
      21
      17
      15
      23
      23
      24
      21
      17
      19
      13
      14
      22
      15
      21
      20
      19
      10
      13
      13
      11
       9
      18
      11
      14
       5
      10
       8
      16
      17
      14
      11
       7
       5
      15
       5
      10
       9
       2
      15
       7
      16
       8
       7
       3
       8
       2
       8
       5
       7
       7
       6
      12
       9
       7
       9
      12
       8
       2
       9
       5
       1
       5
       7
       6
       4
       9
       6
       8
       5
      10
       7
       6
       8
       5
       5
       7
       5
       5
       3
       3
       2
       4
       8
       6
       9
       8
       7
       5
       3
       6
       3
       3
       4
       2
       2
       5
       7
       3
       4
       4
       4
       5
       3
       3
       5
       3
       2
       4
       1
       2
       7
       3
       3
       6
       1
       6
       0
       6
       2
       4
       5
       4
       5
       0
       0
       1
       4
       2
       3
       4
       3
       5
       5
       3
       3
       2
       4
       2
       0
       6
       2
       5
       5
       3
       4
       7
       4
       4
       1
       2
       1
       2
       2
       2
       5
       3
       1
       2
       5
       3
       2
       3
       2
       3
       2
       3
       2
       0
       1
       1
       3
       1
       1
       2
       1
       1
       1
       4
       1
       3
       2
       1
       1
       3
       0
       1
       1
       2
       1
       0
       1
       0
       1
       3
       0
       3
       1
       2
       0
       2
       2
       1
       3
       1
       2
       0
       1
       1
       1
       0
       0
       6
       2
       2
       4
       1
       1
       0
       2
       2
       2
       2
       0
       1
       1
       0
       2
       2
       1
       2
       1
       3
       2
       4
       1
       0
       4
       1
       4
       2
       0
       3
       1
       0
       0
       1
       0
       0
       1
       2
       2
       1
       2
       1
       1
       2
       2
       2
       2
       2
       3
       2
       2
       2
       0
       0
       1
       2
       2
       1
       0
       1
       0
       2
       1
       0
       0
       2
       2
       0
       0
       1
       1
       0
       0
       0
       2
       0
       0
       4
       1
       0
       0
       0
       0
       1
       0
       2
       0
       1
       0
       1
       0
       1
       0
       3
       2
       1
       0
       1
       1
       1
       1
       1
       2
       2
       2
       0
       1
       2
       0
       1
       2
       1
       1
       3
       2
       1
       0
       3
       0
       1
       0
       1
       0
       0
       0
       0
       0
       1
       0
       0
       0
       1
       0
       0
       1
       0
       0
       0
       0
       0
       1
       0
       0
       0
       2
       0
       1
       1
       1
       1
       1
       1
       0
       0
       1
       1
       1
       1
       2
       1
       1
       1
       0
       1
       3
       0
       0
       0
       4
       0
       0
       0
       1
       1
       1
       0
       2
       1
       1
       1
       0
       0
       1
       2
       3
       0
       3
       1
       0
       0
       1
       1
       0
       2
       2
       1
       0
       1
       1
       3
       1
       0
       1
       2
       2
       0
       0
       2
       0
       0
       1
       0
       0
       1
       0
       0
       0
       1
       1
       0
       1
       0
       1
       0
       0
       1
       0
       0
       0
       0
       0
       1
       0
       0
       0
       1
       0
       0
       0
       0
       0
       0
       1
       0
       0
       0
       0
       0
       0
       0
       0
       1
       0
       0
       0
       0
       0
       0
       0
       0
       1
       0
       0
       0
       0
       0
       0
       0
       0
       0
       0
       0
       0
       0
       0
       1
       0
       0
       1
       0
       0
       0
       0
       0
       0
       0
       0
       0
       0
       0
       0
       0
       0
       0
       0
       0
       0
       0
       0
       0
       0
       0
       1
       0
       0
       0
       0
       0
       1
       1
       0
       0
       0
       0
       0
       0
       0
       0
       0
       0
       0
       0
       0
       0
       0
       0
       0
       0
       0
       0
       0
       0
       0
       0
       0
       0
       0
       0
       0
       0
       0
       1
       0
       0
       0
       0
       0
       0
       0
       0
       0
       0
       0
       0
       0
       0
       0
       0
       0
       0
       0
       0
       0
       0
       0
       0
       0
       1
       8
      14
      12
      13
       8
      10
       3
       6
       8
      13
      12
       6
       8
       7
      10
       9
       5
       5
       6
       7
       7
       7
      10
$ROI:
0
$PRESETS:
Live Time
300
0
$ENER_FIT:
0.000000 0.022071
$MCA_CAL:
3
0.000000E+000 2.207131E-002 0.000000E+000
$SHAPE_CAL:
3
0.000000E+000 0.000000E+000 0.000000E+000
