$SPEC_ID:
Pb
$SPEC_REM:
DET# 1
DETDESC# MULTICANAL MCB 2
AP# Maestro Version 5.30
$DATE_MEA:
01/01/1999 03:14:25
$MEAS_TIM:
300 301
$DATA:
0 1023
       0
       0
       0
       0
       0
     602
     744
     822
     899
     921
     980
    1103
    1084
    1184
    1187
    1274
    1220
    1332
    1314
    1392
    1367
    1320
    1334
    1388
    1448
    1436
    1373
    1377
    1379
    1347
    1382
    1348
    1373
    1250
    1374
    1362
    1330
    1364
    1308
    1412
    1400
    1311
    1298
    1325
    1302
    1289
    1276
    1264
    1210
    1221
    1148
    1187
    1158
    1172
    1130
    1084
    1073
    1057
    1045
     998
    1057
     935
     963
     943
     929
     923
     929
     887
     839
     861
     818
     807
     818
     773
     793
     758
     754
     693
     669
     719
     707
     701
     696
     642
     620
     576
     611
     668
     564
     567
     524
     548
     512
     490
     475
     474
     472
     449
     450
     427
     465
     400
     474
     394
     435
     387
     421
     380
     409
     395
     399
     379
     410
     423
     451
     409
     443
     431
     448
     530
     534
     553
     538
     624
     684
     718
     782
     780
     877
     967
     995
    1018
    1166
    1164
    1198
    1251
    1215
    1268
    1204
    1206
    1133
    1145
    1015
     929
     849
     791
     696
     720
     604
     546
     488
     390
     334
     358
     305
     278
     242
     248
     233
     202
     171
     169
     174
     173
     156
     148
     151
     125
     129
     131
     108
     110
     132
     112
     107
     116
     112
     131
      92
     100
     103
     111
     125
     120
      99
     116
     109
     101
     103
      97
     109
      91
     108
     110
      95
     103
      98
      96
     111
     102
     110
     101
      98
      99
     106
      92
     108
     122
     105
     111
      87
     105
     102
      83
     109
      93
      95
      95
      99
     106
     104
     100
     106
     113
     125
      97
     112
     113
      89
     101
     112
      98
      97
     100
      86
     100
      94
      89
      88
     107
     105
     101
      96
     103
      90
     101
      83
      88
      89
      94
      88
     103
     111
      98
      96
      90
      89
      95
      91
      90
      93
      94
      94
      90
      86
      98
      87
     121
      77
     100
      93
      91
     102
      95
      92
     102
      93
      99
     100
      75
      85
      72
      68
      92
      80
      66
      76
      66
      74
      60
      61
      56
      63
      70
      71
      56
      59
      53
      49
      57
      47
      50
      38
      59
      49
      52
      50
      48
      51
      56
      59
      43
      52
      58
      44
      41
      36
      52
      36
      54
      35
      59
      60
      60
      57
      55
      70
      52
      69
      58
      85
      87
      81
      73
      76
     107
      81
      84
      97
     100
     134
     134
     116
     146
     120
     154
     155
     134
     146
     151
     150
     141
     147
     154
     143
     134
     164
     144
     176
     147
     138
     125
     141
     124
     119
     135
     115
     102
     106
     102
      88
     103
      80
      75
      80
      69
      74
      63
      57
      51
      46
      33
      37
      46
      37
      44
      27
      26
      37
      30
      20
      18
      22
      34
      30
      18
      30
      20
      29
      29
      20
      25
      16
      13
      23
      16
      16
      15
      26
      20
      21
      22
      29
      16
      18
      23
      23
      11
      20
      20
      19
      14
      13
      12
      11
      12
      10
      19
       7
      11
      10
      11
      15
      11
       9
      15
       9
       5
       8
       7
       5
       7
       5
       8
      12
       3
       6
       5
       3
       7
       9
       8
       9
       7
      10
       6
       4
       6
       5
       7
       2
       5
       6
       7
       6
       6
       3
       6
       4
       3
       5
       3
       3
      10
       3
       5
       5
       3
       1
       4
       6
       1
       6
       2
       5
       6
       8
       5
       6
       6
       5
       7
       5
       4
       6
       5
       3
       6
       6
      10
       6
       7
       3
       7
       8
       5
       4
       3
       5
       7
       3
       1
       6
       2
       3
       7
       7
       4
       4
       1
       6
       2
       2
       5
       1
       4
       3
       2
       2
       5
       6
       2
       4
       1
       2
       2
       2
       9
       3
       2
       0
       2
       2
       4
       4
       0
       2
       1
       3
       1
       3
       2
       1
       2
       1
       0
       1
       2
       0
       3
       0
       4
       3
       1
       4
       2
       0
       0
       2
       2
       0
       0
       1
       2
       1
       1
       1
       0
       2
       0
       3
       2
       4
       0
       1
       2
       3
       1
       3
       0
       4
       1
       0
       2
       1
       1
       2
       0
       2
       2
       2
       0
       4
       1
       2
       1
       1
       2
       1
       1
       3
       0
       2
       2
       0
       2
       0
       1
       1
       6
       1
       2
       1
       1
       1
       1
       3
       1
       2
       1
       3
       2
       1
       3
       0
       2
       0
       1
       2
       3
       2
       3
       3
       3
       2
       1
       2
       0
       1
       1
       1
       0
       0
       2
       1
       2
       2
       1
       1
       0
       1
       0
       2
       0
       1
       0
       1
       0
       1
       1
       0
       0
       1
       2
       2
       0
       1
       0
       0
       1
       2
       1
       0
       1
       2
       3
       0
       1
       0
       1
       0
       1
       1
       1
       0
       1
       0
       2
       1
       1
       0
       0
       1
       1
       0
       0
       1
       1
       0
       2
       0
       1
       0
       1
       1
       0
       0
       2
       1
       1
       2
       2
       2
       3
       1
       2
       0
       0
       0
       1
       1
       2
       0
       1
       0
       1
       1
       1
       0
       1
       2
       2
       2
       1
       0
       0
       3
       1
       3
       1
       0
       1
       0
       1
       0
       1
       2
       1
       0
       0
       0
       1
       1
       3
       1
       2
       0
       1
       2
       0
       1
       0
       0
       0
       0
       0
       3
       0
       2
       3
       3
       1
       0
       0
       2
       0
       1
       0
       2
       1
       3
       0
       0
       1
       1
       0
       0
       0
       0
       0
       0
       0
       0
       0
       0
       1
       0
       0
       0
       0
       1
       0
       0
       0
       1
       0
       0
       1
       0
       0
       0
       1
       0
       0
       0
       0
       0
       0
       1
       0
       0
       0
       0
       0
       0
       0
       0
       0
       0
       0
       0
       0
       0
       0
       0
       0
       0
       0
       0
       0
       0
       0
       0
       0
       0
       0
       0
       0
       0
       0
       0
       0
       0
       0
       0
       0
       0
       0
       0
       0
       1
       0
       0
       0
       0
       0
       0
       0
       0
       0
       0
       0
       0
       0
       0
       0
       0
       0
       0
       0
       0
       0
       0
       0
       0
       0
       0
       0
       0
       0
       0
       0
       0
       0
       0
       0
       0
       0
       0
       1
       0
       0
       0
       0
       0
       0
       0
       0
       0
       0
       0
       0
       0
       0
       0
       0
       0
       0
       0
       0
       0
       0
       0
       0
       1
       0
       0
       0
       0
       0
       0
       0
       0
       0
       0
       0
       0
       0
       1
       0
       0
       1
       0
       0
       0
       0
       0
       0
       0
       0
       0
       0
       0
       0
       0
       0
       0
       0
       0
       1
       0
       0
       0
       0
       0
       0
       0
       0
       0
       0
       1
       0
       0
       0
       0
       0
       0
       0
       0
       0
       0
       0
       0
       0
       0
       0
       0
       0
       0
       0
       0
      10
      10
       9
       7
       6
       9
       9
       5
      16
       7
       3
       9
       6
       2
       7
       6
       5
       8
       5
       6
       5
       4
       7
$ROI:
0
$PRESETS:
Live Time
300
0
$ENER_FIT:
0.000000 0.022071
$MCA_CAL:
3
0.000000E+000 2.207131E-002 0.000000E+000
$SHAPE_CAL:
3
0.000000E+000 0.000000E+000 0.000000E+000
