$SPEC_ID:
Pb
$SPEC_REM:
DET# 1
DETDESC# MULTICANAL MCB 2
AP# Maestro Version 5.30
$DATE_MEA:
01/01/1999 01:13:12
$MEAS_TIM:
600 609
$DATA:
0 1023
       0
       0
       0
       0
      34
    1763
    1839
    1752
    1863
    1771
    1838
    1840
    1820
    1937
    1905
    1847
    1878
    1972
    2035
    2142
    2101
    2219
    2326
    2267
    2343
    2388
    2372
    2420
    2481
    2443
    2437
    2524
    2592
    2502
    2583
    2710
    2623
    2569
    2762
    2754
    2755
    2785
    2839
    2840
    2813
    2937
    2888
    2878
    2939
    3087
    2959
    2995
    2988
    3069
    3102
    3146
    3126
    3095
    3201
    3051
    3123
    3180
    3140
    3242
    3256
    3253
    3153
    3267
    3155
    3178
    3264
    3172
    3288
    3321
    3305
    3328
    3296
    3362
    3313
    3405
    3481
    3441
    3526
    3599
    3518
    3605
    3539
    3570
    3628
    3584
    3601
    3577
    3567
    3587
    3624
    3590
    3451
    3381
    3438
    3370
    3335
    3361
    3336
    3342
    3242
    3246
    3209
    3177
    3088
    3185
    3088
    3198
    3113
    3084
    3209
    3054
    2931
    2960
    2995
    3072
    2928
    2825
    2824
    2851
    2803
    2772
    2752
    2692
    2722
    2741
    2699
    2618
    2606
    2610
    2565
    2518
    2532
    2522
    2560
    2522
    2413
    2523
    2353
    2467
    2375
    2405
    2377
    2392
    2344
    2346
    2344
    2269
    2261
    2161
    2175
    2135
    2082
    1991
    2058
    2124
    2015
    1978
    1898
    1950
    1875
    1903
    1760
    1682
    1740
    1724
    1538
    1673
    1555
    1522
    1467
    1422
    1411
    1413
    1381
    1356
    1303
    1338
    1294
    1324
    1171
    1200
    1220
    1193
    1193
    1112
    1172
    1161
    1114
    1109
    1038
    1105
    1141
    1085
    1005
    1050
    1021
    1082
    1027
    1056
    1041
    1050
    1036
    1048
    1017
    1043
    1028
    1013
    1039
    1031
    1076
    1137
    1109
    1064
    1142
    1125
    1109
    1192
    1196
    1216
    1317
    1368
    1345
    1388
    1469
    1481
    1638
    1696
    1844
    1851
    2027
    2171
    2360
    2410
    2657
    2814
    2988
    3205
    3363
    3661
    3707
    3867
    4084
    4432
    4675
    4752
    4818
    4983
    4984
    5096
    5279
    5448
    5294
    5302
    5118
    5187
    5217
    5278
    4938
    5005
    4679
    4618
    4503
    4438
    4126
    3825
    3759
    3504
    3284
    3029
    2799
    2642
    2415
    2233
    2080
    1894
    1787
    1611
    1419
    1251
    1201
    1170
    1060
     975
     894
     762
     734
     659
     635
     592
     566
     527
     517
     507
     409
     433
     435
     444
     390
     401
     409
     396
     403
     338
     342
     352
     352
     358
     325
     324
     316
     329
     308
     350
     321
     338
     341
     282
     322
     299
     306
     344
     346
     287
     286
     283
     284
     302
     297
     324
     320
     283
     310
     287
     292
     299
     263
     291
     311
     254
     281
     320
     299
     299
     343
     316
     281
     251
     302
     304
     313
     291
     295
     299
     272
     297
     298
     310
     300
     291
     282
     297
     283
     320
     314
     316
     274
     276
     277
     284
     283
     285
     255
     260
     280
     299
     289
     275
     282
     297
     259
     280
     306
     285
     296
     288
     297
     291
     330
     305
     298
     321
     287
     306
     272
     305
     336
     310
     304
     270
     261
     299
     276
     321
     307
     316
     303
     292
     284
     274
     293
     290
     333
     280
     287
     273
     321
     268
     310
     278
     299
     310
     275
     318
     311
     308
     286
     296
     294
     287
     284
     296
     310
     276
     304
     279
     282
     282
     314
     311
     299
     287
     278
     309
     272
     306
     293
     291
     336
     278
     313
     301
     286
     260
     313
     322
     313
     320
     284
     276
     311
     315
     289
     325
     340
     307
     316
     336
     319
     298
     309
     318
     297
     290
     331
     328
     341
     294
     354
     318
     311
     305
     297
     328
     297
     296
     296
     299
     311
     337
     288
     316
     289
     301
     299
     309
     295
     347
     288
     307
     304
     296
     310
     296
     277
     285
     300
     275
     273
     243
     284
     298
     269
     281
     278
     237
     226
     253
     257
     225
     234
     201
     225
     225
     218
     233
     231
     200
     197
     173
     198
     189
     194
     214
     198
     179
     176
     163
     163
     167
     176
     157
     178
     157
     148
     161
     155
     156
     150
     145
     108
     148
     140
     133
     140
     125
     144
     156
     136
     141
     121
     127
     131
     136
     122
     134
     135
     150
     141
     126
     143
     138
     147
     125
     135
     145
     132
     128
     144
     132
     151
     165
     155
     142
     172
     188
     167
     170
     162
     207
     194
     217
     213
     207
     204
     229
     237
     269
     283
     271
     274
     316
     339
     335
     359
     334
     357
     380
     404
     412
     415
     437
     480
     463
     511
     476
     525
     569
     544
     549
     583
     613
     561
     570
     610
     645
     624
     667
     623
     608
     629
     655
     627
     679
     648
     626
     627
     619
     679
     631
     632
     653
     628
     642
     590
     579
     593
     536
     543
     519
     549
     554
     444
     493
     437
     467
     424
     420
     388
     419
     358
     343
     350
     304
     309
     301
     280
     297
     273
     231
     249
     180
     205
     191
     183
     167
     145
     156
     119
     134
     128
     131
     103
     103
     108
     102
      98
      91
      86
      68
      70
      62
      79
      55
      65
      71
      50
      63
      54
      59
      44
      45
      61
      53
      49
      43
      42
      41
      50
      31
      46
      41
      31
      37
      44
      41
      47
      30
      33
      30
      52
      46
      28
      45
      36
      37
      37
      35
      41
      31
      31
      39
      39
      32
      30
      41
      39
      28
      18
      34
      27
      36
      21
      30
      29
      32
      16
      25
      24
      24
      32
      21
      28
      24
      24
      23
      19
      20
      24
      32
      18
      13
      21
      13
      18
      22
      17
      20
      17
      23
      20
      16
      19
      14
       9
      17
      11
      12
      15
      12
      20
      13
      11
      12
      16
      17
      18
      11
       9
      15
      15
       7
       9
      11
      11
      11
      14
      16
      14
      10
       9
       7
      12
      12
      13
      13
      15
       9
      13
       7
      14
       9
      14
      15
       9
      13
       7
      20
       5
       9
       6
       7
       7
      10
       7
      10
       9
       9
       4
       5
       7
      11
       9
      10
       6
      10
       9
       8
       4
       8
      13
      11
       9
       6
      11
       7
       7
      11
       9
       8
       9
       9
       7
      15
       7
       6
      11
       9
       9
       8
       8
      11
       4
       9
       8
      11
      16
       6
      12
      12
      12
      11
      12
      10
       8
      10
      13
      14
      12
       9
       6
      12
      11
      13
      19
       7
      10
      12
      16
      16
       9
      11
      12
      12
      13
      12
      15
       8
       8
      15
       9
      10
      14
       7
      15
      10
      11
       8
      12
      11
       6
      17
      15
      10
      13
      11
      11
       8
       8
       8
       8
      12
       9
       2
      12
       9
      11
      11
      10
       8
       6
       7
       3
       6
       3
       5
       5
       8
       6
       7
       6
       8
       1
       8
       2
       2
       8
       3
       6
       3
       2
       1
       2
       2
       2
       5
       1
       1
       3
       6
       2
       2
       2
       1
       5
       3
       1
       3
       5
       1
       2
       2
       2
       4
       1
       5
       1
       3
       1
       0
       1
       0
       3
       1
       1
       3
       3
       3
       4
       2
       2
       3
       1
       1
       3
       1
       5
      34
      40
      37
      35
      46
      31
      41
      38
      43
      38
      27
      42
      37
      37
      34
      37
      32
      39
      32
      31
      34
      34
      29
$ROI:
0
$PRESETS:
Live Time
600
0
$ENER_FIT:
0.000000 0.022071
$MCA_CAL:
3
0.000000E+000 2.207131E-002 0.000000E+000
$SHAPE_CAL:
3
0.000000E+000 0.000000E+000 0.000000E+000
