$SPEC_ID:
Pb
$SPEC_REM:
DET# 1
DETDESC# MULTICANAL MCB 2
AP# Maestro Version 5.30
$DATE_MEA:
01/01/1999 00:42:52
$MEAS_TIM:
600 608
$DATA:
0 1023
       0
       0
       0
       0
       4
    1179
    1399
    1476
    1472
    1438
    1524
    1481
    1529
    1507
    1510
    1458
    1556
    1554
    1606
    1622
    1669
    1650
    1659
    1739
    1812
    1878
    1964
    1942
    2017
    2095
    2097
    2186
    2190
    2243
    2301
    2261
    2303
    2386
    2382
    2491
    2443
    2540
    2578
    2557
    2558
    2590
    2612
    2633
    2624
    2670
    2814
    2878
    2743
    2799
    2859
    2886
    2962
    2856
    3038
    2961
    2997
    3001
    3033
    2976
    3093
    3101
    3083
    2959
    2995
    3100
    3137
    3148
    3047
    3220
    2989
    3231
    3138
    3166
    3112
    3201
    3299
    3250
    3255
    3244
    3267
    3261
    3309
    3254
    3193
    3222
    3187
    3252
    3145
    3148
    3117
    3199
    3127
    3180
    3112
    3010
    3058
    2962
    3090
    3017
    2928
    2996
    2908
    2884
    2862
    2794
    2804
    2897
    2830
    2777
    2769
    2637
    2696
    2745
    2630
    2702
    2539
    2517
    2524
    2613
    2571
    2501
    2447
    2524
    2419
    2395
    2395
    2372
    2392
    2325
    2187
    2258
    2262
    2190
    2251
    2275
    2232
    2149
    2131
    2151
    2161
    2081
    2112
    2115
    2108
    2016
    2090
    1954
    2039
    1933
    2019
    2035
    1939
    1980
    1899
    1853
    1862
    1796
    1813
    1837
    1734
    1764
    1672
    1684
    1713
    1689
    1593
    1624
    1625
    1594
    1527
    1453
    1446
    1498
    1455
    1429
    1369
    1386
    1304
    1346
    1316
    1307
    1275
    1319
    1268
    1269
    1272
    1207
    1216
    1290
    1216
    1263
    1235
    1172
    1160
    1198
    1155
    1156
    1141
    1116
    1125
    1179
    1116
    1195
    1108
    1106
    1175
    1115
    1111
    1118
    1104
    1147
    1119
    1119
    1076
    1157
    1148
    1133
    1125
    1216
    1125
    1215
    1215
    1192
    1291
    1302
    1257
    1329
    1365
    1430
    1490
    1515
    1622
    1717
    1849
    1820
    1971
    2122
    2215
    2287
    2527
    2589
    2714
    2872
    3109
    3185
    3189
    3275
    3492
    3523
    3570
    3698
    3831
    3888
    3760
    4067
    3807
    3964
    3847
    3789
    3871
    3779
    3615
    3565
    3435
    3331
    3324
    3048
    2775
    2738
    2531
    2480
    2236
    2088
    1971
    1871
    1730
    1520
    1502
    1337
    1246
    1146
    1015
     963
     908
     822
     759
     691
     641
     618
     581
     559
     485
     465
     470
     446
     386
     388
     362
     390
     350
     354
     352
     372
     318
     333
     353
     321
     305
     308
     310
     336
     319
     284
     322
     313
     313
     273
     303
     288
     330
     296
     286
     295
     335
     292
     273
     302
     257
     314
     316
     315
     303
     256
     271
     287
     259
     254
     261
     287
     248
     289
     295
     256
     273
     273
     247
     272
     268
     268
     279
     270
     284
     278
     250
     284
     267
     241
     293
     290
     274
     292
     302
     282
     276
     282
     280
     306
     268
     267
     281
     279
     279
     262
     257
     280
     253
     272
     277
     266
     258
     255
     282
     240
     238
     259
     286
     254
     256
     246
     248
     252
     255
     242
     267
     280
     265
     274
     229
     253
     250
     255
     277
     265
     235
     275
     271
     257
     246
     277
     257
     263
     253
     274
     255
     254
     259
     308
     262
     266
     295
     251
     249
     256
     269
     242
     288
     281
     258
     260
     285
     288
     262
     263
     279
     255
     256
     240
     268
     269
     256
     255
     238
     299
     267
     256
     274
     294
     253
     242
     272
     290
     257
     261
     247
     255
     255
     244
     278
     262
     257
     274
     281
     272
     288
     306
     280
     315
     287
     277
     272
     286
     279
     267
     260
     270
     267
     275
     318
     278
     273
     272
     300
     250
     264
     264
     280
     257
     269
     277
     241
     284
     310
     265
     286
     260
     258
     278
     284
     260
     280
     272
     217
     262
     275
     258
     272
     248
     267
     267
     243
     247
     233
     256
     217
     225
     218
     242
     227
     192
     207
     214
     241
     187
     196
     211
     220
     206
     216
     194
     215
     161
     159
     174
     194
     180
     171
     177
     132
     171
     158
     161
     163
     139
     142
     139
     125
     148
     147
     110
     138
     134
     128
     124
     116
     125
     108
     119
     132
     127
     137
     105
     117
     117
     112
     116
     101
     108
     119
     103
     105
     108
     102
     108
      94
      92
     105
      91
     107
     109
     110
     107
     113
     105
     103
     118
     129
     110
     116
     112
     127
     131
     154
     129
     134
     158
     165
     180
     171
     177
     168
     166
     190
     202
     192
     211
     229
     243
     232
     253
     264
     289
     270
     291
     300
     341
     344
     316
     374
     364
     430
     382
     418
     433
     478
     412
     412
     411
     462
     506
     506
     508
     497
     507
     509
     522
     527
     551
     498
     519
     535
     593
     516
     517
     518
     506
     523
     507
     477
     508
     557
     472
     537
     496
     453
     450
     431
     450
     411
     407
     405
     386
     383
     380
     385
     353
     332
     307
     324
     283
     279
     280
     228
     235
     231
     207
     183
     211
     188
     147
     142
     152
     165
     145
     125
     114
     117
     119
     111
      96
      78
      85
      97
      62
      75
      78
      71
      59
      68
      52
      62
      46
      52
      46
      45
      45
      32
      37
      35
      43
      41
      38
      44
      37
      34
      34
      49
      25
      26
      34
      30
      27
      22
      31
      23
      40
      30
      37
      36
      27
      36
      39
      33
      30
      24
      30
      26
      27
      30
      24
      30
      21
      25
      30
      34
      27
      30
      23
      19
      28
      21
      25
      30
      22
      14
      33
      19
      20
      22
      23
      19
      13
      21
      22
      16
      15
      16
      19
      14
      17
      21
      19
      16
      12
      11
      13
      19
      17
      12
      17
       7
      13
      12
      13
      15
      13
       9
      13
      17
       9
      10
      15
       8
      13
       7
       8
      13
      10
      10
       7
      18
       7
       6
      16
       9
      11
       5
       8
       7
       8
      13
       5
       5
      10
       6
       8
      11
       8
       9
       7
      10
       7
      10
      13
       8
       9
       8
       6
      11
       7
       4
       5
       5
      12
      12
       9
      12
       5
       4
       5
       8
       5
       4
       8
       5
       9
       3
       9
       3
       9
      13
       6
       3
       7
       6
       5
       6
       4
       7
       8
       8
       5
       6
       8
       6
       7
      10
       6
       7
       8
       7
       6
       7
       9
       4
      11
       8
       6
      10
       4
       5
       4
       9
      10
       8
      12
       8
      11
       8
       8
       6
       7
       6
       5
      11
       6
       2
       9
      10
       7
       7
       7
       7
      11
       5
      11
       5
       9
       7
      10
       4
       7
       8
      13
      10
       9
       9
       3
       9
      10
       8
      13
       5
       6
       7
       3
      10
       8
       5
       4
       5
       9
       7
       6
       7
      11
       5
       8
      10
       5
       4
      10
       8
       2
       4
       1
       4
       1
       9
       6
       7
       8
       6
       1
       6
       2
       3
       2
       2
       2
       5
       3
       4
       2
       3
       3
       1
       2
       3
       1
       0
       3
       5
       2
       4
       3
       1
       1
       4
       4
       1
       1
       4
       4
       4
       1
       2
       1
       1
       2
       0
       0
       4
       2
       1
       1
       4
      47
      32
      43
      36
      41
      51
      36
      51
      25
      49
      32
      24
      46
      27
      49
      38
      35
      46
      35
      42
      28
      45
      33
$ROI:
0
$PRESETS:
Live Time
600
0
$ENER_FIT:
0.000000 0.022071
$MCA_CAL:
3
0.000000E+000 2.207131E-002 0.000000E+000
$SHAPE_CAL:
3
0.000000E+000 0.000000E+000 0.000000E+000
