$SPEC_ID:
Pb
$SPEC_REM:
DET# 1
DETDESC# MULTICANAL MCB 2
AP# Maestro Version 5.30
$DATE_MEA:
01/01/1999 00:49:54
$MEAS_TIM:
600 608
$DATA:
0 1023
       0
       0
       0
       0
       2
    1245
    1499
    1513
    1509
    1486
    1484
    1466
    1571
    1588
    1644
    1580
    1616
    1630
    1689
    1677
    1719
    1700
    1801
    1823
    1927
    1891
    1998
    1965
    2052
    2024
    2098
    2143
    2180
    2269
    2354
    2385
    2316
    2407
    2521
    2428
    2446
    2536
    2558
    2640
    2646
    2495
    2784
    2654
    2752
    2795
    2860
    2868
    2961
    2846
    2799
    2957
    3005
    2957
    2943
    3097
    3043
    3090
    3091
    3110
    3121
    3011
    3146
    3136
    3070
    3125
    3127
    3119
    3110
    3035
    3148
    3197
    3246
    3342
    3172
    3206
    3353
    3214
    3376
    3332
    3248
    3388
    3377
    3285
    3239
    3336
    3256
    3320
    3314
    3345
    3292
    3166
    3213
    3202
    3202
    3066
    3164
    3023
    3098
    2955
    3081
    3052
    2941
    2928
    2912
    2909
    2911
    2819
    2803
    2833
    2853
    2777
    2762
    2735
    2715
    2763
    2708
    2546
    2582
    2589
    2583
    2562
    2481
    2467
    2422
    2540
    2476
    2507
    2310
    2321
    2360
    2453
    2249
    2313
    2233
    2227
    2289
    2170
    2276
    2237
    2204
    2271
    2141
    2155
    2213
    2157
    2084
    1969
    2116
    2099
    2019
    1947
    2066
    1968
    1910
    1905
    1917
    1909
    1822
    1762
    1779
    1808
    1671
    1668
    1663
    1703
    1600
    1609
    1591
    1543
    1471
    1503
    1467
    1485
    1486
    1414
    1446
    1409
    1422
    1270
    1324
    1407
    1251
    1342
    1261
    1295
    1212
    1209
    1218
    1237
    1283
    1184
    1252
    1155
    1219
    1146
    1190
    1203
    1160
    1139
    1102
    1091
    1142
    1087
    1158
    1077
    1066
    1132
    1084
    1032
    1094
    1132
    1111
    1044
    1080
    1117
    1117
    1118
    1188
    1166
    1176
    1193
    1235
    1219
    1255
    1359
    1318
    1468
    1469
    1544
    1555
    1691
    1763
    1890
    1954
    2112
    2200
    2360
    2481
    2600
    2723
    2931
    3001
    3249
    3327
    3473
    3618
    3711
    3816
    3983
    3915
    4014
    4092
    4079
    4086
    4286
    4165
    4132
    4189
    3940
    3974
    3843
    3701
    3643
    3563
    3365
    3147
    3088
    2851
    2689
    2494
    2486
    2144
    2110
    1969
    1744
    1693
    1528
    1415
    1288
    1146
    1123
    1003
     954
     913
     772
     748
     665
     650
     562
     520
     550
     521
     489
     466
     448
     408
     388
     377
     375
     385
     358
     348
     297
     325
     364
     330
     324
     309
     301
     344
     332
     339
     332
     315
     296
     291
     281
     319
     300
     294
     276
     296
     288
     311
     312
     303
     303
     298
     277
     279
     292
     295
     281
     304
     298
     282
     291
     306
     266
     266
     282
     321
     289
     276
     304
     269
     272
     284
     287
     298
     282
     290
     267
     294
     272
     288
     300
     264
     268
     263
     281
     283
     289
     284
     267
     285
     270
     292
     261
     266
     271
     278
     270
     234
     269
     269
     293
     292
     272
     249
     283
     248
     275
     271
     290
     263
     247
     277
     252
     259
     268
     266
     291
     276
     287
     262
     269
     274
     274
     257
     257
     269
     271
     259
     290
     282
     287
     263
     263
     258
     272
     278
     271
     278
     254
     288
     245
     264
     248
     266
     274
     287
     245
     275
     272
     265
     268
     271
     243
     283
     266
     260
     275
     256
     261
     261
     275
     250
     241
     276
     302
     254
     265
     277
     261
     279
     295
     268
     281
     287
     266
     287
     309
     256
     282
     298
     276
     282
     240
     268
     287
     255
     302
     296
     245
     287
     298
     294
     262
     288
     257
     285
     271
     289
     294
     272
     262
     282
     279
     266
     270
     262
     295
     276
     298
     295
     266
     260
     277
     290
     264
     282
     260
     271
     266
     263
     247
     280
     269
     247
     242
     250
     247
     261
     264
     271
     287
     287
     250
     244
     280
     235
     273
     231
     223
     236
     233
     205
     238
     228
     246
     208
     217
     219
     199
     172
     199
     215
     203
     181
     172
     195
     169
     151
     182
     185
     170
     169
     138
     168
     149
     161
     136
     169
     147
     152
     131
     160
     129
     149
     135
     141
     123
     112
     125
     121
     126
     106
      94
     127
     114
     112
     118
     116
     122
     125
     113
     104
     113
     103
     101
     107
     113
     104
     105
      96
     109
     120
     115
     129
     122
     109
     118
     121
     119
     123
     130
     134
     118
     172
     151
     146
     149
     136
     170
     169
     177
     155
     195
     206
     203
     191
     239
     246
     269
     255
     273
     251
     298
     344
     304
     314
     325
     363
     346
     391
     414
     383
     443
     430
     444
     474
     469
     468
     528
     494
     518
     521
     526
     535
     533
     536
     534
     528
     581
     549
     549
     545
     561
     547
     576
     578
     536
     536
     576
     523
     508
     524
     519
     524
     502
     500
     498
     452
     435
     412
     438
     412
     383
     388
     365
     364
     353
     289
     306
     301
     282
     257
     241
     234
     212
     242
     212
     194
     205
     185
     170
     165
     158
     134
     130
     125
     136
     109
     117
     109
      91
      99
      87
      91
      65
      60
      74
      66
      48
      69
      64
      47
      58
      53
      52
      43
      48
      53
      45
      48
      42
      46
      36
      47
      34
      35
      34
      33
      36
      32
      41
      30
      29
      35
      34
      40
      36
      34
      41
      34
      45
      31
      39
      38
      28
      29
      23
      26
      30
      34
      26
      31
      38
      28
      25
      21
      22
      28
      30
      28
      21
      33
      24
      22
      25
      18
      37
      23
      19
      22
      18
      25
      29
      22
      21
      18
      19
      12
      12
      17
      10
      13
      16
      24
      19
      16
      16
      19
      10
      13
      16
      16
      10
      10
      18
      11
      10
       9
      15
      19
      13
      14
      11
      19
      11
      18
      19
       7
      11
      10
      12
      10
      17
      11
      12
      13
      12
      10
       8
      13
      13
       7
      11
      12
       7
       9
      11
      11
      11
       8
       7
       6
       8
       7
      16
       8
       8
      11
      12
       6
       8
       8
       7
       6
       7
       7
       9
       3
       5
       9
       6
       7
       4
       8
       9
      10
       6
       5
       8
       4
       5
       6
       4
       6
       9
       6
      10
       4
       6
      11
       5
       6
       6
       3
       5
       2
       9
       7
       5
      11
       6
       9
       6
       4
       4
       5
       5
       4
       4
       3
      14
       8
       7
      11
      11
      11
       4
      12
       7
       8
       7
       4
       8
      13
      10
       9
       7
      12
      14
       7
       8
      10
       7
      12
       9
       5
       6
       7
       3
       8
       7
       8
       9
      13
       7
       8
       9
      20
       7
      13
       8
      10
       4
       9
       5
       7
       8
       6
       0
      12
      12
       6
       7
       6
       6
       4
       9
       5
       3
       4
       5
       2
       9
       4
       7
       7
       6
       4
       1
       2
      11
       2
       5
       5
       2
       4
       1
       3
       6
       4
       0
       4
       5
       6
       3
       3
       2
       3
       3
       2
       5
       3
       3
       1
       1
       8
       1
       1
       3
       3
       2
       1
       6
       1
       1
       3
       1
       2
       2
       0
       4
       4
       1
       2
       1
       1
       4
       1
       1
       2
      45
      32
      37
      43
      37
      35
      34
      48
      44
      48
      38
      49
      46
      34
      44
      35
      40
      46
      39
      31
      29
      42
      32
$ROI:
0
$PRESETS:
Live Time
600
0
$ENER_FIT:
0.000000 0.022071
$MCA_CAL:
3
0.000000E+000 2.207131E-002 0.000000E+000
$SHAPE_CAL:
3
0.000000E+000 0.000000E+000 0.000000E+000
