$SPEC_ID:
Pb
$SPEC_REM:
DET# 1
DETDESC# MULTICANAL MCB 2
AP# Maestro Version 5.30
$DATE_MEA:
01/01/1999 01:24:05
$MEAS_TIM:
600 610
$DATA:
0 1023
       0
       0
       0
       0
       3
    1487
    1739
    1725
    1795
    1815
    1774
    1773
    1744
    1864
    1868
    2004
    1974
    2007
    2018
    2178
    2199
    2232
    2223
    2417
    2445
    2520
    2597
    2504
    2615
    2694
    2639
    2637
    2816
    2681
    2691
    2660
    2727
    2828
    2838
    2822
    2772
    2893
    2824
    2893
    2845
    2919
    3014
    2988
    3006
    2985
    3038
    3031
    3094
    3046
    3157
    3124
    3139
    3166
    3249
    3273
    3309
    3192
    3267
    3130
    3144
    3210
    3251
    3194
    3254
    3366
    3244
    3266
    3330
    3253
    3245
    3268
    3274
    3427
    3366
    3328
    3499
    3503
    3507
    3483
    3559
    3694
    3608
    3577
    3748
    3670
    3756
    3737
    3615
    3641
    3555
    3738
    3523
    3598
    3502
    3669
    3609
    3422
    3434
    3441
    3433
    3438
    3413
    3316
    3443
    3337
    3317
    3268
    3280
    3211
    3198
    3254
    3220
    3140
    3151
    3092
    3114
    3111
    2996
    2944
    2940
    2975
    2963
    2829
    2930
    2871
    2988
    2848
    2743
    2775
    2694
    2824
    2681
    2686
    2738
    2671
    2608
    2531
    2636
    2555
    2459
    2411
    2403
    2443
    2435
    2491
    2243
    2360
    2239
    2289
    2250
    2301
    2249
    2197
    2293
    2082
    2048
    2079
    2070
    2015
    2000
    1897
    1872
    1805
    1784
    1746
    1712
    1721
    1618
    1664
    1604
    1504
    1474
    1502
    1410
    1364
    1274
    1327
    1306
    1294
    1249
    1237
    1232
    1202
    1150
    1143
    1139
    1104
    1136
    1093
    1063
     986
     992
    1028
     947
     998
    1020
     928
    1001
    1011
     923
     902
     942
     929
     922
     968
     912
     935
     954
     888
     875
     878
     889
     946
     972
     956
     974
     978
    1019
    1092
    1104
    1108
    1155
    1179
    1284
    1353
    1363
    1489
    1651
    1709
    1831
    1985
    2094
    2238
    2484
    2639
    2861
    3057
    3273
    3378
    3559
    3854
    4067
    4289
    4337
    4552
    4789
    4975
    5202
    5418
    5487
    5709
    5707
    5736
    5834
    5835
    5855
    5630
    5723
    5684
    5540
    5414
    5292
    5094
    5106
    4643
    4538
    4360
    4205
    3985
    3733
    3512
    3323
    3052
    2765
    2617
    2437
    2347
    2068
    1835
    1685
    1636
    1474
    1362
    1199
    1152
    1076
     987
     847
     792
     774
     691
     662
     602
     557
     505
     495
     503
     457
     463
     391
     383
     377
     384
     389
     350
     356
     390
     369
     324
     366
     324
     347
     333
     355
     320
     303
     306
     339
     343
     292
     309
     319
     330
     280
     312
     288
     309
     327
     314
     317
     286
     324
     308
     299
     311
     294
     309
     297
     316
     314
     308
     297
     318
     272
     328
     270
     328
     298
     305
     276
     307
     309
     277
     286
     303
     327
     301
     265
     286
     287
     324
     319
     315
     286
     315
     307
     291
     266
     271
     262
     326
     328
     294
     307
     302
     310
     285
     311
     297
     302
     271
     291
     289
     332
     308
     302
     255
     303
     295
     282
     364
     275
     271
     292
     297
     306
     295
     328
     266
     299
     280
     340
     310
     271
     274
     317
     299
     337
     306
     292
     298
     290
     297
     323
     294
     274
     293
     286
     293
     327
     291
     298
     295
     353
     279
     324
     273
     320
     305
     243
     312
     307
     260
     282
     317
     323
     312
     301
     283
     273
     317
     321
     304
     291
     301
     330
     310
     312
     315
     318
     321
     330
     280
     291
     317
     326
     322
     305
     323
     321
     349
     333
     305
     329
     297
     306
     304
     334
     289
     336
     335
     355
     330
     311
     315
     360
     345
     370
     317
     302
     321
     347
     310
     324
     314
     326
     353
     333
     333
     353
     347
     283
     347
     326
     325
     355
     337
     319
     318
     298
     287
     332
     313
     304
     314
     288
     304
     300
     311
     304
     285
     301
     266
     246
     296
     284
     247
     250
     278
     257
     240
     256
     254
     265
     214
     214
     211
     222
     216
     225
     201
     222
     195
     198
     212
     203
     181
     177
     177
     189
     178
     166
     143
     163
     155
     164
     141
     146
     134
     139
     154
     143
     129
     149
     146
     139
     126
     138
     136
     140
     120
     124
     123
     116
     120
     121
     128
     115
     115
     114
     129
     114
     148
     111
     109
     119
     136
     131
     125
     124
     155
     145
     148
     148
     157
     136
     156
     158
     189
     195
     166
     205
     200
     215
     236
     229
     237
     255
     292
     254
     280
     294
     285
     311
     325
     335
     320
     336
     386
     390
     404
     429
     459
     447
     464
     467
     484
     475
     512
     520
     522
     550
     539
     559
     569
     609
     617
     630
     643
     615
     614
     665
     692
     636
     623
     674
     707
     700
     702
     674
     675
     679
     646
     679
     652
     636
     670
     639
     647
     594
     594
     611
     554
     550
     589
     581
     555
     519
     502
     485
     466
     488
     440
     423
     443
     460
     399
     380
     389
     349
     341
     352
     299
     325
     261
     270
     255
     224
     194
     207
     201
     187
     164
     161
     148
     162
     140
     143
     132
     130
     113
     105
     134
      83
      93
      83
      73
      73
      82
      75
      61
      66
      72
      60
      65
      58
      57
      54
      71
      39
      43
      49
      53
      47
      48
      39
      38
      35
      40
      52
      36
      45
      45
      53
      36
      39
      36
      50
      28
      41
      38
      44
      34
      35
      35
      35
      40
      39
      32
      28
      37
      36
      40
      31
      26
      56
      22
      38
      37
      33
      28
      24
      39
      27
      35
      34
      26
      17
      32
      27
      26
      25
      25
      27
      20
      21
      19
      25
      13
      18
      19
      23
      23
      24
      24
      19
      17
      31
      20
      17
      19
      22
      18
      19
      17
      11
      12
      14
      18
      16
      22
      13
      14
      14
      13
      21
      16
      21
      25
      16
      15
      10
      12
      11
      15
      13
      13
      14
      12
      14
       6
      16
       8
       8
       8
      11
       6
      13
      11
       8
      16
       8
      20
      14
      10
      10
       9
      10
      11
      12
      14
      12
       7
       9
      11
       3
       7
       9
       8
       9
       7
       7
      10
      14
      11
       8
      11
      10
       9
       7
      11
       8
       6
      10
      10
      15
       9
      15
       8
       7
      18
      12
       7
       5
       5
       7
      10
      12
      10
       9
      11
      10
       8
       9
       8
      10
       7
      10
       4
      17
       8
      14
       8
      13
       8
      12
      12
       7
      17
      12
       9
      11
      13
      11
       9
      12
      12
       7
      15
      15
      17
      18
      10
       8
      15
       9
      11
      11
      13
      15
      13
      15
      11
      10
      11
      11
       8
      12
      10
       9
      14
      11
      12
      10
       6
      17
      12
      14
      10
      15
      12
      14
       5
       5
      10
      10
       9
       8
       6
       9
      10
       8
       7
      10
       9
      11
       6
       2
       3
       6
       3
       7
       6
       6
       5
       3
       8
       2
       5
       5
       3
       4
       6
       4
       5
       4
       4
       2
       3
       0
       2
       2
       1
       3
       7
       4
       2
       3
       4
       3
       2
       1
       3
       3
       0
       3
       1
       1
       2
       3
       4
       3
       2
       0
       6
       5
      30
      51
      30
      38
      34
      39
      40
      36
      33
      38
      36
      41
      36
      38
      37
      39
      34
      32
      47
      45
      35
      29
      31
$ROI:
0
$PRESETS:
Live Time
600
0
$ENER_FIT:
0.000000 0.022071
$MCA_CAL:
3
0.000000E+000 2.207131E-002 0.000000E+000
$SHAPE_CAL:
3
0.000000E+000 0.000000E+000 0.000000E+000
