$SPEC_ID:
Pb
$SPEC_REM:
DET# 1
DETDESC# MULTICANAL MCB 2
AP# Maestro Version 5.30
$DATE_MEA:
01/01/1999 03:29:08
$MEAS_TIM:
300 301
$DATA:
0 1023
       0
       0
       0
       0
       3
     467
     576
     607
     642
     707
     695
     761
     818
     807
     894
     927
     948
    1016
    1025
    1114
    1147
    1066
    1155
    1139
    1121
    1194
    1134
    1177
    1181
    1144
    1202
    1188
    1140
    1140
    1194
    1204
    1121
    1178
    1154
    1189
    1138
    1142
    1146
    1179
    1146
    1092
    1236
    1210
    1172
    1154
    1133
    1159
    1145
    1154
    1155
    1127
    1121
    1110
    1121
    1031
    1098
    1052
    1052
    1056
     982
    1089
     947
     929
     969
     917
     889
     954
     895
     906
     849
     817
     887
     754
     802
     768
     787
     760
     731
     819
     703
     653
     686
     742
     670
     637
     665
     647
     632
     699
     623
     608
     597
     588
     563
     554
     532
     506
     491
     477
     501
     464
     464
     425
     415
     409
     384
     378
     395
     394
     343
     381
     349
     326
     287
     316
     296
     312
     289
     301
     265
     299
     270
     269
     286
     271
     279
     293
     279
     277
     299
     301
     268
     281
     303
     310
     357
     341
     380
     407
     478
     484
     550
     626
     691
     762
     884
     967
    1036
    1137
    1246
    1352
    1366
    1402
    1496
    1552
    1606
    1670
    1543
    1496
    1502
    1434
    1380
    1241
    1154
    1079
     984
     939
     843
     696
     589
     532
     523
     427
     379
     297
     285
     248
     259
     209
     187
     147
     146
     128
     119
     143
     127
     114
     124
     128
     124
     116
     120
     101
      94
     104
     108
     108
      90
     102
     104
     106
     106
      97
      96
      97
     103
      97
      95
      84
      95
     117
     106
     107
      89
      94
      89
      96
     107
     105
     102
      92
      81
      97
     106
     106
      86
      93
      86
      94
      93
      80
      80
      91
      88
     109
      74
      81
      94
      90
      81
      78
     105
      75
      85
      90
      85
      93
      85
     101
      93
      90
     104
      83
      77
      86
     105
      86
      90
      93
      75
      88
      84
     102
      86
      97
      78
     109
      87
      77
      90
      90
      93
      84
      90
      96
      88
     108
      91
      87
      89
      98
      94
      74
      94
      95
      96
     100
      94
      98
     100
     115
      93
      97
      93
     102
     110
     106
     121
     100
      92
      90
      93
      75
      97
      95
      95
      98
      93
      97
      80
     100
      96
     106
      80
      83
      87
      94
      81
      94
      64
      93
      89
      75
      77
      68
      71
      71
      75
      74
      64
      68
      57
      59
      41
      66
      58
      59
      62
      46
      57
      59
      51
      46
      40
      49
      44
      42
      34
      29
      37
      46
      41
      45
      41
      39
      53
      47
      45
      41
      45
      41
      46
      39
      36
      43
      43
      55
      47
      40
      56
      53
      55
      58
      77
      52
      73
      70
      81
      71
      96
      89
     118
     104
     111
      96
     145
     123
     162
     140
     161
     161
     158
     174
     179
     168
     179
     185
     211
     195
     186
     183
     191
     187
     193
     199
     178
     176
     168
     161
     161
     132
     143
     115
     131
     138
     121
     123
     106
     101
      89
      89
      86
     100
      74
      68
      60
      59
      54
      51
      47
      34
      55
      25
      46
      28
      31
      30
      23
      21
      30
      17
      15
      17
      19
      26
      20
      18
      17
      26
      27
      11
      20
      20
      22
      17
      20
       8
      25
      16
      21
      14
      17
      21
      24
      16
      11
      17
      11
      11
      15
      20
      17
      22
      13
      16
      13
      17
      21
       8
      16
       8
      11
      10
      14
       6
       7
      14
      14
       6
       8
       8
       7
      13
       5
       8
       8
       8
       8
       8
       4
       7
       6
       8
       8
      10
       5
       6
       5
       8
       5
       5
       4
       4
       6
       5
       7
       4
       5
       4
       5
       4
       6
       7
       6
       3
       4
       4
       7
       3
       3
       3
       4
       2
       8
       4
      11
       2
       4
       4
       6
       2
       5
       3
       0
       4
       4
       6
       4
       3
       5
       8
       0
       5
       6
       4
       5
       6
       9
       6
       9
       5
       1
       5
       6
       2
       9
       7
       4
       3
       9
       6
       5
       5
       4
       3
       4
       3
       9
      10
       5
       4
       8
       6
       8
       4
       6
       7
       4
       4
       1
       5
       4
       2
       3
       5
       4
       3
       1
       2
       3
       2
       3
       5
       1
       1
       1
       1
       3
       3
       3
       1
       1
       2
       2
       1
       0
       1
       1
       2
       2
       1
       1
       2
       0
       0
       1
       0
       1
       1
       1
       1
       0
       1
       1
       2
       1
       0
       2
       0
       2
       3
       3
       3
       0
       0
       0
       1
       3
       0
       3
       4
       3
       1
       1
       1
       3
       1
       0
       2
       1
       3
       0
       1
       1
       2
       0
       3
       1
       2
       0
       1
       1
       0
       0
       2
       4
       1
       3
       2
       1
       3
       1
       4
       4
       0
       0
       2
       2
       0
       1
       0
       2
       1
       4
       1
       2
       2
       1
       1
       1
       0
       0
       0
       0
       1
       0
       1
       2
       0
       2
       0
       0
       1
       3
       3
       1
       2
       2
       0
       1
       0
       2
       1
       1
       0
       1
       1
       1
       1
       1
       3
       1
       2
       3
       0
       0
       1
       2
       1
       1
       2
       3
       1
       1
       0
       1
       0
       0
       2
       2
       1
       2
       0
       1
       0
       1
       2
       1
       0
       1
       0
       1
       0
       1
       2
       0
       0
       0
       0
       1
       0
       2
       0
       5
       0
       2
       0
       0
       0
       0
       0
       2
       1
       0
       0
       1
       0
       2
       1
       0
       0
       2
       2
       0
       0
       0
       0
       2
       1
       3
       0
       2
       1
       1
       1
       0
       0
       0
       2
       1
       3
       1
       1
       1
       1
       1
       1
       2
       0
       1
       0
       2
       1
       1
       2
       2
       0
       1
       1
       0
       2
       0
       1
       1
       1
       1
       2
       1
       2
       3
       1
       0
       1
       0
       0
       0
       1
       1
       1
       0
       1
       2
       0
       1
       1
       2
       1
       0
       1
       2
       0
       0
       0
       1
       0
       0
       0
       0
       0
       0
       1
       0
       0
       0
       1
       0
       0
       0
       0
       1
       0
       1
       0
       0
       0
       0
       1
       0
       0
       0
       0
       0
       0
       0
       0
       0
       0
       0
       0
       0
       1
       0
       0
       0
       0
       0
       0
       0
       0
       0
       0
       0
       1
       1
       0
       0
       0
       0
       0
       0
       0
       0
       0
       0
       0
       0
       0
       0
       0
       0
       0
       0
       0
       0
       0
       0
       0
       0
       0
       0
       0
       0
       0
       0
       0
       0
       1
       0
       1
       0
       0
       0
       0
       0
       0
       0
       0
       0
       0
       0
       0
       0
       0
       0
       0
       0
       0
       0
       0
       0
       0
       0
       0
       0
       0
       0
       0
       0
       0
       0
       0
       0
       0
       0
       0
       0
       0
       0
       0
       0
       0
       0
       0
       0
       0
       1
       9
      18
       6
       5
       8
       6
       5
       6
       9
       7
       7
       9
       7
       8
       5
       7
       6
       8
       8
       9
       6
       9
       6
$ROI:
0
$PRESETS:
Live Time
300
0
$ENER_FIT:
0.000000 0.022071
$MCA_CAL:
3
0.000000E+000 2.207131E-002 0.000000E+000
$SHAPE_CAL:
3
0.000000E+000 0.000000E+000 0.000000E+000
