$SPEC_ID:
Pb
$SPEC_REM:
DET# 1
DETDESC# MULTICANAL MCB 2
AP# Maestro Version 5.30
$DATE_MEA:
01/01/1999 01:37:15
$MEAS_TIM:
600 610
$DATA:
0 1023
       0
       0
       0
       0
       9
    1691
    1971
    2031
    2048
    2022
    2041
    1968
    1998
    1962
    2005
    2002
    2143
    2227
    2407
    2600
    2777
    3001
    3222
    3350
    3597
    3655
    3608
    3705
    3613
    3520
    3400
    3241
    3146
    3005
    3068
    2994
    2983
    2940
    2849
    2762
    2858
    2833
    2814
    2889
    2896
    2846
    2928
    2979
    3040
    2990
    2998
    2999
    2954
    2956
    3092
    3211
    3053
    3179
    3143
    3141
    3255
    3183
    3205
    3173
    3325
    3194
    3153
    3269
    3228
    3283
    3214
    3154
    3337
    3325
    3248
    3262
    3202
    3284
    3307
    3331
    3294
    3382
    3380
    3541
    3516
    3451
    3446
    3719
    3625
    3662
    3639
    3625
    3578
    3699
    3570
    3545
    3586
    3716
    3686
    3557
    3539
    3530
    3559
    3549
    3512
    3446
    3416
    3479
    3501
    3306
    3404
    3337
    3316
    3300
    3352
    3300
    3222
    3301
    3301
    3267
    3154
    3166
    3079
    3054
    3088
    3037
    3076
    3153
    3038
    2971
    3019
    3085
    2912
    2947
    2813
    2824
    2748
    2780
    2734
    2738
    2737
    2664
    2592
    2612
    2638
    2622
    2565
    2531
    2581
    2529
    2512
    2417
    2436
    2410
    2441
    2287
    2346
    2320
    2222
    2346
    2252
    2167
    2141
    2154
    2104
    1999
    1947
    1968
    1811
    1863
    1859
    1721
    1686
    1728
    1683
    1620
    1603
    1554
    1534
    1426
    1470
    1436
    1349
    1378
    1348
    1300
    1246
    1217
    1217
    1181
    1113
    1137
    1062
    1091
    1081
    1102
    1011
    1030
     995
     971
     977
     935
     939
     871
     891
     928
     861
     874
     870
     854
     811
     833
     862
     819
     820
     810
     807
     885
     816
     825
     800
     831
     834
     876
     846
     857
     886
     918
     919
     965
     964
    1071
    1088
    1125
    1236
    1340
    1363
    1507
    1592
    1712
    1966
    1986
    2152
    2324
    2509
    2706
    2850
    3191
    3320
    3475
    3907
    4167
    4295
    4563
    4749
    5022
    5281
    5349
    5574
    5659
    5914
    6003
    6050
    6193
    6353
    6228
    6147
    6305
    6154
    6049
    5986
    5904
    5688
    5326
    5229
    5014
    4739
    4613
    4361
    4102
    3833
    3628
    3333
    3116
    2865
    2641
    2469
    2358
    2100
    1945
    1807
    1581
    1451
    1358
    1178
    1145
    1045
     932
     893
     821
     729
     678
     646
     579
     528
     518
     506
     528
     471
     441
     417
     406
     405
     364
     380
     356
     376
     342
     333
     342
     322
     341
     302
     340
     335
     330
     287
     341
     304
     329
     328
     310
     316
     310
     298
     287
     262
     300
     300
     288
     308
     313
     274
     305
     272
     315
     279
     311
     314
     317
     284
     279
     299
     302
     312
     293
     268
     293
     287
     301
     290
     302
     298
     299
     288
     290
     262
     332
     287
     276
     304
     323
     297
     287
     300
     311
     288
     288
     273
     282
     266
     322
     309
     304
     281
     306
     289
     283
     297
     285
     328
     317
     305
     291
     304
     319
     280
     304
     265
     295
     307
     289
     294
     318
     287
     296
     291
     304
     313
     315
     301
     284
     338
     270
     307
     272
     328
     297
     294
     303
     312
     294
     273
     293
     304
     336
     281
     265
     288
     328
     275
     281
     279
     315
     307
     277
     327
     314
     301
     303
     289
     342
     305
     318
     319
     306
     316
     274
     305
     297
     296
     329
     301
     282
     279
     316
     321
     303
     300
     304
     291
     302
     316
     334
     315
     347
     307
     292
     321
     321
     322
     318
     323
     301
     328
     324
     314
     312
     346
     314
     327
     351
     325
     323
     307
     331
     353
     332
     335
     372
     322
     324
     331
     352
     310
     327
     351
     291
     335
     328
     326
     360
     298
     324
     306
     327
     331
     303
     333
     347
     324
     331
     329
     323
     328
     298
     331
     307
     311
     342
     275
     294
     303
     294
     291
     297
     282
     278
     301
     251
     303
     285
     257
     274
     273
     271
     242
     241
     258
     249
     217
     240
     228
     227
     283
     224
     204
     215
     199
     197
     195
     203
     188
     212
     177
     207
     213
     176
     158
     177
     166
     148
     164
     161
     152
     144
     144
     130
     135
     142
     138
     141
     119
     128
     128
     113
     123
     143
     137
     108
     123
     117
     126
     119
     103
     113
     100
     126
     104
     115
     105
     130
     131
     112
     114
     126
     123
     118
     133
     112
     122
     137
     163
     144
     176
     158
     146
     160
     184
     174
     167
     198
     204
     187
     197
     244
     231
     245
     265
     266
     293
     316
     314
     326
     330
     374
     361
     374
     390
     400
     476
     471
     461
     458
     482
     521
     532
     553
     576
     585
     658
     629
     625
     620
     632
     656
     680
     682
     645
     758
     712
     719
     718
     690
     715
     731
     705
     687
     754
     759
     733
     713
     736
     727
     722
     698
     669
     690
     703
     639
     633
     673
     575
     577
     551
     512
     551
     514
     501
     477
     467
     413
     413
     346
     376
     363
     359
     372
     339
     298
     307
     274
     286
     245
     255
     227
     212
     216
     200
     189
     166
     171
     177
     166
     156
     135
     110
     118
     111
     111
     108
      93
      92
      84
      97
      82
      85
      74
      67
      87
      74
      57
      79
      62
      59
      49
      45
      53
      49
      47
      53
      59
      51
      51
      44
      38
      55
      51
      53
      42
      44
      40
      56
      39
      37
      35
      45
      41
      44
      48
      41
      44
      51
      32
      43
      31
      34
      34
      31
      40
      30
      35
      42
      36
      30
      34
      32
      40
      34
      24
      26
      32
      30
      31
      33
      28
      33
      31
      32
      20
      26
      28
      24
      28
      22
      33
      29
      24
      21
      15
      19
      26
      27
      18
      24
      16
      20
      15
      19
      20
      18
      25
      18
      16
      16
      21
      20
      25
      21
      18
      15
       7
      17
      15
      21
      15
      13
      15
      13
      11
      16
      10
       9
      18
      11
      16
      19
      16
      15
       7
      11
      13
      17
      13
       7
      20
      11
      12
      15
      10
       8
       8
      12
       5
       7
      12
      24
       6
       9
       8
       5
       8
       6
       6
      12
      15
       7
       7
       9
       8
       8
      13
       5
      11
      11
       7
      12
      10
       4
      10
       3
       8
      12
      12
       3
       7
       5
       7
       5
       8
       7
       7
       5
       7
      16
      10
      10
       4
       7
       8
       8
      11
       6
       5
       7
      10
      13
      11
       6
      17
      12
       7
       8
       8
      14
       8
      13
       8
      11
      10
      10
      12
       6
      13
      11
      13
       5
      11
      18
       9
      17
      12
      15
      10
      14
      16
      12
      14
      13
      13
      16
      16
      20
      16
      19
      12
      23
      18
      16
       9
      16
      17
       9
      14
      11
       7
      16
      16
      19
       9
      11
       8
      10
      10
       6
      15
      10
      13
      10
       6
      12
       5
      12
       4
      13
      11
      10
       5
       6
      12
       6
       5
      10
       6
       4
       5
       9
       8
       6
       4
       8
       1
       6
       4
       4
       2
       3
       4
       4
       3
       2
       0
       4
       1
       6
       7
       2
       4
       4
       2
       7
      42
      42
      51
      44
      48
      45
      39
      40
      31
      45
      50
      54
      39
      28
      53
      37
      41
      44
      42
      33
      35
      42
      35
$ROI:
0
$PRESETS:
Live Time
600
0
$ENER_FIT:
0.000000 0.022071
$MCA_CAL:
3
0.000000E+000 2.207131E-002 0.000000E+000
$SHAPE_CAL:
3
0.000000E+000 0.000000E+000 0.000000E+000
