$SPEC_ID:
Pb
$SPEC_REM:
DET# 1
DETDESC# MULTICANAL MCB 2
AP# Maestro Version 5.30
$DATE_MEA:
01/01/1999 03:01:37
$MEAS_TIM:
300 302
$DATA:
0 1023
       0
       0
       0
       0
       2
    1586
    1919
    1945
    2019
    2104
    1998
    2060
    2079
    1941
    2063
    2040
    1955
    1899
    1950
    1993
    1964
    1843
    1886
    1749
    1851
    1896
    1862
    1905
    1912
    1868
    1888
    1914
    1796
    1808
    1747
    1634
    1598
    1558
    1497
    1562
    1485
    1374
    1419
    1273
    1280
    1259
    1230
    1143
    1128
    1150
    1127
    1065
    1032
     998
    1046
     920
     938
     942
     851
     829
     808
     722
     699
     663
     612
     590
     573
     554
     453
     457
     442
     422
     419
     434
     398
     376
     360
     336
     356
     321
     334
     313
     289
     339
     295
     334
     322
     369
     346
     386
     496
     570
     624
     677
     887
    1052
    1149
    1375
    1513
    1683
    1893
    2112
    2152
    2411
    2438
    2406
    2407
    2278
    2278
    2072
    1974
    1707
    1625
    1311
    1165
    1088
     851
     722
     538
     503
     434
     401
     296
     254
     212
     217
     184
     179
     155
     150
     173
     150
     164
     119
     133
     152
     143
     135
     123
     115
     120
     123
     141
     130
     124
     104
     122
     118
     124
     143
     129
     127
     119
     115
     112
     112
     131
     101
     121
     148
     105
     120
     116
     115
     129
     110
     136
     139
     131
     122
     120
      96
     123
     119
     119
     119
     111
     103
     102
     117
     129
     113
     126
     115
     119
      98
      91
     114
     110
     123
     125
     107
      98
     120
     110
     132
     106
      99
     118
     133
     125
     124
     128
     113
     115
     105
     127
     116
     122
      99
     115
     119
     115
     115
     109
     130
      99
     107
      98
     103
     111
     108
     114
     113
     109
     120
     120
     123
     108
     116
     121
     123
      91
     111
     114
     108
     107
     119
     117
      96
     101
      91
      97
      91
      93
      86
      97
      94
      68
      73
      74
      84
      79
      68
      69
      82
      70
      59
      64
      68
      63
      45
      49
      48
      56
      52
      50
      39
      56
      43
      59
      75
      49
      44
      52
      57
      47
      50
      64
      58
      49
      49
      57
      66
      79
      54
      71
      89
      92
     100
     109
     122
     124
     141
     119
     144
     158
     152
     174
     191
     209
     180
     212
     205
     218
     249
     241
     228
     251
     254
     234
     213
     204
     227
     225
     207
     234
     207
     184
     211
     170
     165
     147
     163
     145
     131
     121
     105
     114
      91
      91
      96
      89
      64
      59
      56
      61
      50
      46
      32
      37
      36
      42
      22
      35
      31
      28
      23
      29
      35
      28
      26
      21
      21
      28
      31
      28
      26
      21
      25
      18
      28
      19
      24
      16
      25
      26
      18
      26
      14
      22
      14
      22
      19
      15
      18
      14
      18
      15
      19
      13
      11
      10
      17
      15
      11
      13
      12
      16
      16
      11
      10
      12
       8
      19
      12
      16
      10
       6
      11
      11
       8
       5
       5
       9
       7
       6
       7
       5
       2
       9
       6
       8
       4
       1
      10
       7
       4
       7
       7
       7
       3
       5
       9
       6
       3
       4
       3
       7
       4
       3
       5
       7
       1
       1
       2
       4
       4
       5
       4
       8
       6
       5
      11
       8
       8
       4
       6
       6
       5
       4
      10
       1
       5
       5
       7
      11
       9
      12
       6
       6
      10
      10
       5
       8
      10
       6
      10
       8
       7
      10
       7
      13
       5
       9
      10
       2
       2
       4
       8
       8
       4
       6
       4
       4
       1
       3
       6
       3
       4
       6
       4
       3
       3
       1
       3
       5
       1
       2
       3
       1
       2
       4
       5
       1
       4
       1
       3
       2
       3
       0
       2
       1
       0
       1
       1
       0
       2
       1
       0
       1
       2
       1
       1
       0
       1
       1
       3
       0
       2
       1
       1
       2
       1
       1
       2
       2
       1
       3
       2
       1
       1
       2
       1
       0
       1
       1
       1
       2
       0
       0
       0
       0
       1
       0
       1
       1
       0
       1
       2
       3
       3
       0
       1
       2
       1
       1
       0
       4
       0
       1
       0
       1
       1
       1
       3
       6
       1
       2
       2
       0
       3
       5
       2
       0
       2
       4
       1
       0
       3
       1
       2
       0
       0
       0
       0
       0
       0
       2
       1
       1
       1
       0
       0
       0
       0
       3
       1
       2
       1
       1
       0
       0
       0
       1
       1
       2
       1
       3
       3
       1
       0
       2
       1
       1
       1
       0
       2
       2
       1
       1
       4
       1
       0
       2
       0
       0
       1
       0
       0
       1
       0
       0
       1
       2
       1
       1
       2
       3
       1
       0
       0
       0
       1
       2
       0
       0
       0
       0
       0
       0
       1
       0
       0
       1
       1
       1
       1
       0
       0
       1
       0
       1
       2
       0
       0
       1
       0
       1
       1
       2
       1
       0
       0
       1
       1
       1
       0
       3
       1
       2
       2
       0
       0
       1
       0
       0
       0
       0
       3
       1
       1
       0
       0
       1
       0
       1
       0
       0
       3
       1
       1
       2
       1
       1
       1
       2
       0
       0
       0
       0
       2
       2
       2
       2
       1
       0
       0
       2
       0
       3
       1
       1
       0
       1
       1
       1
       1
       1
       3
       0
       0
       0
       1
       0
       1
       0
       0
       0
       0
       0
       0
       0
       1
       0
       0
       1
       0
       0
       0
       1
       0
       1
       0
       0
       2
       0
       0
       1
       0
       0
       0
       0
       0
       0
       1
       0
       0
       0
       0
       0
       0
       0
       0
       0
       0
       0
       0
       1
       0
       0
       1
       0
       0
       0
       0
       0
       0
       0
       0
       0
       0
       1
       0
       0
       0
       1
       0
       1
       0
       0
       0
       0
       0
       0
       0
       0
       0
       0
       1
       0
       0
       0
       0
       0
       1
       0
       0
       0
       0
       0
       0
       0
       0
       0
       0
       0
       0
       0
       0
       0
       0
       0
       0
       0
       0
       0
       0
       0
       0
       0
       0
       0
       0
       0
       0
       0
       0
       0
       0
       0
       0
       0
       0
       0
       0
       0
       0
       0
       0
       0
       0
       0
       0
       0
       0
       0
       0
       0
       0
       1
       1
       0
       0
       0
       0
       0
       0
       0
       0
       0
       0
       0
       0
       0
       0
       0
       1
       0
       0
       0
       0
       0
       1
       0
       0
       0
       0
       0
       0
       0
       0
       0
       0
       0
       0
       0
       0
       0
       0
       0
       0
       0
       0
       0
       0
       0
       0
       0
       0
       0
       0
       0
       0
       1
       0
       0
       0
       0
       0
       0
       0
       0
       1
       0
       0
       1
       0
       0
       0
       0
       0
       0
       0
       0
       0
       0
       0
       0
       0
       0
       0
       0
       0
       0
       0
       0
       0
       0
       0
       0
       0
       0
       0
       1
       0
       0
       0
       0
       0
       0
       0
       0
       0
       0
       0
       0
       0
       0
       0
       0
       0
       0
       0
       0
       0
       0
       0
       0
       0
       2
       8
       5
      11
       5
       4
       4
       7
       4
       7
       9
       4
       8
      11
      14
       5
       6
       7
       6
      10
       6
       9
      11
       8
$ROI:
0
$PRESETS:
Live Time
300
0
$ENER_FIT:
0.000000 0.022071
$MCA_CAL:
3
0.000000E+000 2.207131E-002 0.000000E+000
$SHAPE_CAL:
3
0.000000E+000 0.000000E+000 0.000000E+000
