$SPEC_ID:
Pb
$SPEC_REM:
DET# 1
DETDESC# MULTICANAL MCB 2
AP# Maestro Version 5.30
$DATE_MEA:
01/01/1999 04:03:12
$MEAS_TIM:
300 301
$DATA:
0 1023
       0
       0
       0
       0
       1
      95
      97
      94
     108
      93
     111
      94
      82
     101
     104
     105
      93
     118
     125
     106
     106
     118
     101
     120
     108
     100
     100
      91
     110
     101
     122
     111
     131
     117
     120
     123
     144
     123
     139
     125
     133
     110
     131
     126
     157
     120
     131
     150
     151
     160
     134
     136
     147
     162
     174
     152
     162
     167
     150
     176
     162
     178
     184
     180
     222
     185
     183
     192
     188
     210
     185
     231
     248
     219
     223
     227
     232
     250
     236
     246
     271
     254
     281
     274
     270
     276
     326
     257
     276
     260
     276
     278
     294
     277
     250
     314
     277
     329
     316
     306
     295
     278
     313
     282
     323
     292
     302
     288
     302
     335
     311
     292
     311
     312
     336
     302
     306
     320
     287
     300
     316
     320
     298
     341
     327
     285
     288
     306
     307
     302
     315
     302
     287
     290
     297
     297
     296
     272
     306
     331
     298
     316
     309
     307
     304
     294
     315
     290
     313
     302
     300
     283
     336
     303
     293
     307
     295
     301
     283
     273
     318
     292
     291
     301
     290
     303
     286
     282
     316
     279
     330
     274
     291
     290
     285
     270
     283
     275
     272
     284
     284
     244
     281
     274
     295
     269
     259
     286
     265
     294
     274
     272
     301
     264
     271
     297
     265
     264
     245
     279
     285
     271
     284
     271
     287
     292
     251
     283
     275
     275
     271
     235
     265
     282
     261
     286
     277
     274
     266
     237
     286
     243
     270
     311
     287
     278
     259
     283
     245
     252
     271
     277
     270
     267
     274
     266
     250
     254
     235
     283
     270
     257
     266
     290
     243
     254
     266
     241
     258
     257
     252
     220
     271
     242
     265
     223
     238
     222
     249
     248
     257
     241
     239
     218
     234
     226
     224
     222
     219
     191
     234
     231
     216
     206
     191
     204
     210
     202
     214
     202
     204
     220
     208
     202
     226
     181
     196
     195
     168
     199
     213
     176
     182
     186
     199
     181
     204
     208
     174
     194
     189
     193
     184
     186
     173
     185
     177
     174
     161
     176
     163
     182
     171
     175
     178
     138
     165
     162
     164
     142
     150
     155
     159
     147
     146
     148
     154
     148
     173
     162
     160
     153
     157
     166
     133
     150
     140
     153
     155
     147
     151
     127
     137
     148
     151
     118
     140
     140
     154
     138
     150
     132
     140
     142
     124
     128
     142
     138
     124
     114
     126
     133
     132
     140
     121
     130
     118
     118
     109
     112
     117
     141
     110
     111
     106
     129
     142
     125
     126
     103
     124
     100
     124
     141
     111
     116
     131
     104
     122
     105
      98
     120
     126
     114
     128
     143
     133
     126
     120
     117
     104
     128
     101
     108
     116
     118
     116
     117
     108
     108
     111
     107
     121
     106
     142
     118
      94
     106
     105
     120
      89
     113
     106
      90
     114
      93
      99
     114
     114
     105
      94
     109
     108
     102
     117
     109
     104
      95
     120
     102
     107
     107
      88
     103
     102
     115
     103
      95
     107
      92
     107
      91
      89
      71
      71
      98
      91
      88
     119
     102
      96
     105
      88
      90
      97
     101
      83
     103
     109
      99
      94
      98
     113
      89
     109
     101
      77
      88
     100
      98
      94
     108
     102
      98
     111
      94
      91
     103
     100
      83
      94
      79
      93
      75
      77
      63
      94
      82
     103
      71
      71
     103
      86
      77
      85
      88
      77
      82
      85
      86
      82
      86
      83
      90
      81
      79
     114
      70
      75
      72
      76
      72
      82
      65
      78
      96
      56
      72
      69
      57
      83
      63
      73
      62
      71
      73
      59
      60
      54
      58
      64
      52
      60
      60
      58
      61
      57
      46
      50
      54
      49
      40
      51
      45
      55
      53
      51
      56
      47
      51
      52
      45
      58
      53
      51
      57
      48
      49
      53
      47
      37
      55
      46
      37
      49
      39
      42
      36
      51
      43
      48
      38
      37
      43
      48
      43
      56
      39
      30
      28
      34
      41
      27
      39
      35
      31
      45
      47
      38
      38
      33
      39
      31
      35
      43
      22
      28
      32
      45
      30
      33
      35
      43
      29
      41
      32
      33
      38
      38
      28
      29
      36
      34
      33
      44
      37
      51
      31
      39
      39
      41
      35
      43
      33
      38
      27
      27
      32
      36
      42
      39
      43
      40
      40
      41
      35
      37
      47
      50
      40
      48
      38
      35
      32
      35
      49
      31
      49
      42
      46
      43
      44
      60
      44
      42
      62
      58
      66
      58
      63
      51
      59
      70
      66
      73
      56
      72
      82
      84
      78
      69
      81
      79
      77
      73
      79
      97
      94
      93
     107
     103
      93
     108
     132
     110
     122
     135
     107
     130
     135
     124
     153
     142
     150
     152
     155
     143
     186
     179
     173
     193
     185
     202
     215
     205
     185
     231
     223
     233
     219
     206
     207
     232
     209
     225
     247
     252
     260
     274
     230
     261
     253
     224
     235
     264
     292
     291
     258
     274
     274
     272
     263
     281
     279
     292
     281
     253
     279
     259
     286
     282
     266
     260
     253
     241
     273
     257
     267
     288
     269
     265
     254
     279
     259
     229
     265
     228
     227
     202
     231
     226
     218
     213
     216
     194
     214
     185
     202
     182
     187
     189
     171
     185
     179
     168
     151
     153
     155
     157
     161
     154
     139
     124
     124
     108
     101
     109
     112
     112
     107
      96
      91
      89
      88
      88
      73
      71
      74
      59
      74
      73
      72
      49
      66
      53
      53
      56
      50
      55
      54
      39
      54
      38
      42
      54
      46
      21
      39
      41
      27
      35
      27
      24
      39
      18
      18
      22
      24
      21
      18
      17
      19
      18
      12
      13
      17
      12
      13
      12
      12
      14
      18
      16
      13
      11
       9
      10
       5
      15
      11
      13
      14
      16
      11
       9
      12
       8
       9
       7
       9
       5
      14
       7
       6
       8
      11
       6
       4
       8
      13
      12
       7
       6
      14
       8
      11
       8
       8
       7
       7
       7
       3
       7
       5
       3
       5
       6
      10
      14
       7
       4
       7
       1
       8
       3
       2
       9
       9
       5
       5
       5
       2
       7
       9
      13
       4
       7
       8
       4
       8
       6
       6
       1
       3
       3
       3
       7
       4
       7
       3
       5
       5
       6
       6
       7
       5
       5
       9
       5
      11
       9
       9
       5
       5
       3
       6
       5
       3
       4
       5
       6
       5
       7
       5
       8
       6
       6
       6
       6
       5
       5
       7
       5
       6
       7
       7
       6
       5
       8
       7
       9
       5
      11
       4
       5
       2
       4
       3
       6
       2
       8
       3
       3
       3
       4
       5
       3
       5
       8
       6
       4
       7
      12
       2
       8
       2
       3
       6
       5
       6
      14
     127
     157
     149
     140
     149
     112
     136
     141
     140
     133
     157
     157
     131
     144
     145
     149
     154
     120
     121
     140
     129
     117
     124
$ROI:
0
$PRESETS:
Live Time
300
0
$ENER_FIT:
0.000000 0.022071
$MCA_CAL:
3
0.000000E+000 2.207131E-002 0.000000E+000
$SHAPE_CAL:
3
0.000000E+000 0.000000E+000 0.000000E+000
