$SPEC_ID:
Pb
$SPEC_REM:
DET# 1
DETDESC# MULTICANAL MCB 2
AP# Maestro Version 5.30
$DATE_MEA:
01/01/1999 04:11:56
$MEAS_TIM:
300 301
$DATA:
0 1023
       0
       0
       0
       0
       2
      79
      91
      94
      87
      92
      87
      86
     106
      83
      85
      92
      92
     100
     109
      97
      99
      94
     122
     108
      95
     120
     104
     117
     100
     108
     123
     131
     111
     120
     119
     127
     113
     120
     125
     137
     105
     122
     122
     123
     141
     132
     115
     136
     140
     142
     134
     149
     142
     157
     148
     137
     157
     177
     145
     174
     160
     166
     176
     174
     200
     192
     210
     206
     213
     179
     206
     236
     245
     237
     232
     219
     226
     218
     248
     240
     237
     235
     285
     284
     269
     281
     264
     284
     272
     289
     271
     254
     305
     293
     284
     245
     281
     314
     266
     266
     312
     301
     299
     310
     318
     277
     274
     305
     269
     266
     310
     299
     320
     286
     281
     286
     294
     284
     329
     302
     300
     320
     295
     310
     304
     280
     293
     313
     315
     282
     295
     316
     320
     296
     319
     299
     308
     296
     280
     303
     322
     309
     307
     309
     275
     291
     329
     300
     285
     303
     301
     301
     285
     271
     287
     277
     303
     281
     260
     265
     300
     265
     326
     275
     267
     294
     286
     283
     292
     284
     263
     248
     269
     289
     271
     263
     301
     289
     273
     268
     241
     281
     277
     246
     261
     240
     284
     284
     259
     287
     254
     258
     256
     250
     250
     264
     272
     239
     252
     276
     277
     270
     247
     268
     263
     248
     263
     262
     282
     230
     270
     272
     255
     237
     266
     273
     246
     287
     271
     263
     245
     240
     228
     279
     261
     261
     283
     253
     251
     262
     249
     254
     247
     237
     252
     252
     251
     220
     236
     245
     231
     253
     239
     240
     232
     258
     241
     252
     252
     225
     240
     228
     240
     224
     229
     227
     249
     233
     244
     226
     241
     239
     246
     226
     207
     218
     251
     227
     216
     194
     191
     208
     202
     198
     194
     182
     201
     209
     191
     199
     184
     185
     211
     181
     178
     195
     168
     180
     180
     194
     182
     198
     165
     201
     181
     158
     158
     170
     150
     169
     202
     187
     201
     154
     161
     172
     166
     155
     146
     176
     170
     152
     152
     141
     141
     161
     172
     158
     166
     140
     141
     139
     143
     142
     152
     150
     145
     142
     144
     150
     142
     139
     143
     134
     141
     121
     160
     155
     135
     126
     138
     138
     131
     136
     138
     136
     137
     128
     137
     136
     127
     131
     110
     123
     128
     126
     130
     124
     119
     109
     125
     127
     116
      92
     128
     104
     123
     125
     138
     140
     105
     110
     125
     120
     122
     101
     104
      86
     127
     112
      94
     123
     110
     105
     132
     118
     116
     113
     123
     113
      95
     133
     116
     119
     113
     111
     102
     107
     109
      97
     108
     106
      98
     110
      95
      95
     115
      94
     118
     100
      98
      97
      98
     107
     118
     117
     100
      88
     118
     108
     112
     105
     110
     100
     100
     113
      92
     112
      89
     103
      68
      96
      98
      96
      84
      96
      89
      92
     106
      94
      99
      98
     100
     101
     100
      99
     115
     106
      92
      92
      79
     105
      99
      85
      83
     112
      98
     104
      81
      95
      85
     103
      87
      91
     102
     104
      90
      95
      91
      93
      97
      94
     101
      88
     106
      92
     103
      86
     106
      85
      91
      98
      87
      90
      85
     119
      85
      85
      85
      93
      89
      83
      95
     102
      86
      88
      93
      75
      86
      86
      96
      89
      86
      87
      79
      84
      78
      90
      81
      88
      77
      75
      87
      68
      93
      98
      70
      63
      66
      72
      66
      81
      71
      84
      75
      69
      75
      53
      74
      77
      59
      63
      55
      66
      52
      61
      54
      60
      82
      67
      54
      54
      61
      60
      78
      54
      53
      61
      54
      55
      63
      54
      46
      51
      56
      55
      51
      63
      53
      50
      59
      50
      59
      46
      46
      46
      48
      40
      53
      56
      51
      51
      50
      41
      51
      50
      50
      41
      35
      41
      43
      40
      52
      43
      38
      42
      41
      44
      45
      39
      40
      40
      41
      40
      33
      43
      47
      58
      41
      29
      38
      40
      38
      40
      37
      36
      34
      30
      49
      43
      43
      43
      41
      32
      32
      39
      29
      43
      37
      41
      34
      42
      37
      35
      42
      39
      40
      41
      34
      47
      53
      41
      55
      41
      49
      39
      32
      37
      38
      33
      24
      41
      39
      40
      43
      42
      44
      52
      37
      40
      49
      55
      35
      35
      40
      54
      45
      54
      44
      45
      56
      38
      51
      37
      64
      39
      51
      52
      61
      61
      64
      58
      57
      59
      63
      61
      67
      66
      62
      79
      73
      69
      81
      90
      78
      80
      69
      87
     104
     102
     103
     103
     103
     109
     111
     104
     132
     112
     128
     141
     138
     115
     114
     118
     129
     138
     156
     178
     162
     163
     168
     181
     184
     181
     185
     182
     175
     189
     184
     186
     175
     220
     192
     202
     187
     205
     192
     225
     206
     208
     229
     227
     225
     251
     241
     225
     232
     226
     247
     231
     273
     236
     247
     212
     241
     240
     246
     248
     230
     236
     210
     222
     227
     249
     242
     215
     218
     236
     226
     209
     227
     217
     242
     240
     217
     188
     223
     192
     214
     195
     212
     199
     189
     181
     193
     175
     153
     163
     177
     165
     152
     157
     157
     141
     135
     127
     135
     127
     125
     118
     115
     119
     125
     111
     115
      97
      86
     105
      86
      85
      98
      82
      96
      64
      70
      67
      55
      58
      62
      65
      71
      62
      27
      57
      55
      55
      39
      40
      36
      45
      32
      33
      37
      42
      29
      37
      27
      31
      35
      35
      22
      28
      25
      19
      34
      11
      17
      18
      15
      23
      21
      15
      16
      10
      16
      16
      14
      19
       7
      15
      12
      18
      21
      15
       8
      10
       6
       7
      15
       8
       8
       7
      11
      12
      13
       7
      11
       7
      12
       9
      10
       7
       9
       8
       7
       5
       7
       7
       3
      10
      10
       6
      11
       5
       8
       6
       8
       9
       9
       5
       4
      12
       4
      10
       4
       6
       8
       6
       5
       6
       6
       6
       6
       9
      11
      10
       5
       5
       8
       3
       7
       7
       7
       4
      10
       9
       2
      12
       9
       9
       3
       5
       6
       6
      10
       7
       7
       5
       6
       7
       8
       2
       3
       3
       4
       6
       4
       9
       4
       3
       5
       4
       7
       5
       7
       7
       6
       5
       4
       4
       5
       4
       2
       6
       3
       7
       1
       4
       3
       8
       5
       6
       9
       6
       4
       5
      10
       9
       7
       1
       1
       4
       1
       4
       6
       5
       6
       7
       5
       5
      10
       6
       1
       6
       5
       2
       6
       7
       5
       6
       6
       0
       3
       7
       2
       2
       2
       4
       6
       4
      11
     142
     145
     140
     117
     117
     134
     136
     125
     121
     135
     146
     167
     146
     109
     131
     139
     137
     133
     121
     131
     135
     137
     122
$ROI:
0
$PRESETS:
Live Time
300
0
$ENER_FIT:
0.000000 0.022071
$MCA_CAL:
3
0.000000E+000 2.207131E-002 0.000000E+000
$SHAPE_CAL:
3
0.000000E+000 0.000000E+000 0.000000E+000
