$SPEC_ID:
Pb
$SPEC_REM:
DET# 1
DETDESC# MULTICANAL MCB 2
AP# Maestro Version 5.30
$DATE_MEA:
01/01/1999 04:19:39
$MEAS_TIM:
300 301
$DATA:
0 1023
       0
       0
       0
       0
       0
      74
     101
      89
      84
      84
      98
      85
      96
      91
     101
      82
      99
      93
     104
      85
      95
      87
     102
      90
     111
     130
     104
     101
      99
     103
     126
     122
      88
     114
      98
     117
     101
     113
     108
     103
     131
     112
     113
     130
     106
     124
     120
     113
     127
     111
     136
     132
     139
     150
     149
     147
     132
     141
     165
     143
     185
     152
     165
     165
     166
     155
     187
     209
     181
     170
     201
     207
     193
     245
     198
     210
     218
     217
     217
     228
     241
     217
     225
     264
     246
     243
     247
     258
     262
     260
     260
     265
     259
     307
     257
     240
     248
     293
     273
     281
     267
     283
     282
     289
     277
     284
     262
     302
     289
     293
     286
     248
     294
     324
     249
     293
     297
     324
     296
     269
     286
     276
     261
     266
     292
     298
     283
     275
     308
     285
     266
     295
     279
     278
     274
     290
     274
     297
     285
     313
     301
     297
     277
     242
     280
     314
     297
     275
     287
     290
     304
     295
     247
     287
     294
     300
     271
     288
     278
     276
     263
     273
     318
     292
     271
     304
     245
     288
     288
     284
     235
     268
     272
     256
     276
     250
     260
     307
     282
     277
     279
     257
     273
     282
     266
     271
     251
     272
     261
     263
     242
     278
     227
     246
     276
     262
     264
     263
     250
     216
     253
     268
     255
     263
     265
     255
     268
     269
     264
     269
     245
     259
     263
     253
     246
     249
     235
     288
     251
     278
     242
     288
     247
     256
     229
     265
     254
     258
     269
     272
     248
     224
     237
     252
     268
     245
     227
     248
     223
     265
     241
     234
     233
     232
     233
     213
     242
     233
     238
     217
     214
     222
     246
     190
     203
     218
     221
     213
     204
     207
     195
     196
     214
     194
     216
     206
     221
     196
     199
     207
     194
     214
     198
     183
     212
     219
     203
     177
     192
     151
     184
     172
     186
     219
     182
     188
     170
     163
     178
     177
     179
     179
     182
     159
     148
     153
     176
     153
     175
     151
     168
     193
     185
     184
     182
     154
     145
     152
     178
     164
     147
     157
     169
     153
     127
     131
     159
     180
     132
     135
     154
     133
     141
     133
     123
     156
     146
     130
     131
     130
     135
     154
     139
     119
     137
     143
     125
     126
     129
     135
     120
     130
     131
     139
     130
     135
     119
     121
     133
     106
     127
     115
     119
     113
      96
     116
     126
     129
     121
     106
     108
     115
     117
     141
     101
     127
     114
     121
     123
     120
     110
      96
     118
     107
     116
     116
     116
     104
     124
     141
     128
     111
     106
     124
      82
     105
      96
     128
     112
     127
     112
     102
     113
     113
     105
     106
      88
      92
     106
      92
     111
     115
      88
      92
     103
     101
     112
     108
     105
     120
     112
      93
      82
      95
     100
     110
      97
      89
      85
     104
      84
      99
      87
     102
      89
      90
     101
      92
      78
      89
      80
     104
      74
     105
      87
      86
     105
      98
      89
      95
      93
     104
      95
      90
      85
     102
      84
      87
      96
      79
      94
      80
     101
      91
      80
      73
      93
      73
      86
      85
      99
      92
      81
      83
      65
      94
      77
      84
      85
      87
     101
      82
      99
      77
      76
      66
      95
     103
      86
     101
      88
      80
      84
      82
      81
      92
      83
      78
      72
      86
      84
      76
      95
      72
      76
      80
      79
      78
      76
      80
      86
      77
      83
      93
      60
      93
      72
      78
      77
      78
      79
      96
      82
      72
      66
      76
      74
      66
      74
      70
      87
      90
      73
      78
      60
      72
      57
      71
      69
      73
      61
      63
      67
      63
      69
      58
      58
      57
      61
      72
      57
      65
      45
      68
      62
      64
      72
      64
      50
      56
      43
      60
      56
      64
      52
      40
      64
      49
      56
      51
      57
      37
      54
      42
      34
      59
      38
      55
      61
      63
      41
      39
      48
      46
      45
      52
      35
      47
      43
      42
      40
      48
      46
      35
      48
      50
      43
      49
      39
      57
      60
      29
      49
      51
      44
      46
      41
      41
      47
      35
      37
      41
      45
      38
      41
      42
      35
      33
      40
      42
      34
      45
      44
      40
      40
      53
      52
      46
      41
      50
      50
      35
      37
      40
      29
      48
      45
      36
      36
      40
      34
      35
      38
      42
      55
      51
      52
      39
      34
      48
      42
      40
      34
      38
      40
      35
      34
      35
      33
      45
      46
      38
      68
      40
      29
      32
      40
      42
      34
      44
      38
      41
      37
      39
      37
      46
      52
      48
      50
      62
      39
      54
      71
      49
      56
      48
      47
      63
      57
      63
      56
      50
      62
      70
      38
      56
      60
      70
      61
      60
      74
      76
      80
      98
      91
      84
      99
      89
     100
      72
      80
     115
     105
     100
     111
     103
     103
     129
     121
     126
     109
     156
     116
     107
     130
     141
     142
     121
     148
     148
     183
     157
     153
     149
     161
     168
     163
     169
     178
     182
     182
     175
     185
     191
     191
     218
     217
     213
     187
     202
     162
     225
     198
     206
     221
     195
     210
     214
     189
     193
     213
     213
     221
     200
     181
     206
     231
     191
     239
     229
     211
     194
     183
     203
     202
     217
     190
     192
     198
     179
     197
     197
     167
     193
     175
     174
     169
     179
     169
     166
     170
     160
     166
     154
     147
     144
     133
     123
     123
     140
     159
     130
     139
     121
     112
      92
     106
     116
     102
      88
     118
      92
      75
      84
      85
     107
      81
      48
      69
      73
      71
      65
      62
      68
      51
      58
      54
      51
      49
      36
      44
      30
      51
      40
      47
      39
      28
      39
      34
      40
      38
      32
      30
      26
      31
      28
      22
      26
      23
      22
      12
      18
      15
      21
      19
      17
      18
      16
      17
      12
      22
      10
      15
      15
      15
      14
      18
      13
      10
      13
      19
       9
      10
      12
      12
      13
       5
      11
       7
       9
      11
      10
       9
      10
       9
      14
      12
      11
       7
       7
      11
       6
      10
       5
      11
       6
      11
      16
       8
      10
       5
       9
       4
       3
       6
      11
       7
       5
       8
      11
       3
       7
       5
      11
       7
       7
      10
       3
       5
       9
       6
       7
       7
       7
       3
       5
       6
       2
       6
       8
       8
       6
       5
       6
       5
      12
       7
       4
       8
       1
       9
       5
       9
       3
       7
       7
       9
       2
       3
       6
       4
       6
       7
       9
       9
       2
       4
       5
       8
       5
       8
       4
       5
       5
       7
       2
       6
       9
       8
       6
       8
       6
       7
       3
       9
       4
       7
       8
       8
       4
       9
       6
       8
       9
       3
       5
       6
       4
       5
       6
       1
       6
       6
       7
       8
       7
       8
       1
       5
       5
       5
       6
       3
       4
       7
       4
       5
       3
       4
       3
      12
     149
     135
     147
     144
     138
     128
     111
     129
     144
     161
     123
     134
     151
     127
     138
     143
     153
     142
     155
     111
     120
     132
     116
$ROI:
0
$PRESETS:
Live Time
300
0
$ENER_FIT:
0.000000 0.022071
$MCA_CAL:
3
0.000000E+000 2.207131E-002 0.000000E+000
$SHAPE_CAL:
3
0.000000E+000 0.000000E+000 0.000000E+000
