$SPEC_ID:
Pb
$SPEC_REM:
DET# 1
DETDESC# MULTICANAL MCB 2
AP# Maestro Version 5.30
$DATE_MEA:
01/01/1999 03:52:29
$MEAS_TIM:
300 301
$DATA:
0 1023
       0
       0
       0
       0
       0
      94
     108
     102
     103
     118
     106
     107
      97
     144
     121
     113
     125
     133
     138
     139
     184
     170
     203
     247
     256
     313
     333
     345
     377
     414
     438
     457
     457
     481
     468
     453
     446
     436
     386
     417
     369
     301
     312
     283
     256
     229
     264
     209
     227
     184
     200
     185
     195
     187
     188
     188
     182
     181
     191
     202
     177
     188
     199
     234
     197
     208
     176
     224
     251
     227
     246
     272
     265
     276
     249
     303
     269
     292
     274
     283
     264
     318
     289
     280
     288
     319
     289
     297
     330
     311
     301
     290
     298
     309
     312
     294
     294
     331
     301
     300
     348
     377
     326
     330
     320
     316
     297
     336
     332
     299
     326
     304
     316
     345
     308
     324
     290
     345
     328
     343
     295
     339
     313
     319
     296
     290
     304
     333
     336
     334
     331
     334
     342
     287
     292
     298
     327
     318
     316
     298
     296
     317
     308
     338
     324
     311
     294
     296
     284
     330
     293
     291
     300
     277
     307
     300
     308
     309
     298
     292
     269
     295
     302
     308
     306
     295
     318
     297
     291
     322
     272
     261
     280
     300
     272
     301
     266
     263
     285
     281
     264
     291
     312
     272
     285
     274
     292
     290
     293
     295
     291
     293
     276
     267
     272
     278
     267
     257
     298
     260
     280
     272
     217
     265
     286
     283
     268
     244
     253
     266
     250
     263
     263
     259
     262
     265
     282
     270
     280
     281
     282
     260
     273
     264
     284
     259
     262
     297
     284
     258
     284
     271
     277
     259
     265
     294
     253
     264
     265
     246
     263
     308
     239
     273
     226
     249
     267
     264
     257
     238
     236
     246
     266
     236
     235
     243
     248
     256
     274
     249
     246
     286
     265
     227
     211
     222
     234
     236
     221
     260
     224
     244
     221
     229
     249
     222
     227
     242
     235
     218
     213
     234
     196
     227
     239
     255
     217
     203
     196
     206
     200
     200
     225
     174
     213
     224
     203
     193
     203
     188
     189
     192
     204
     153
     182
     216
     194
     168
     202
     170
     183
     181
     192
     165
     183
     169
     164
     181
     167
     158
     184
     180
     155
     180
     165
     169
     166
     159
     164
     173
     146
     164
     158
     175
     148
     134
     136
     179
     149
     155
     156
     160
     133
     139
     161
     146
     150
     141
     137
     152
     130
     153
     151
     125
     153
     157
     144
     120
     137
     136
     138
     140
     138
     137
     146
     150
     128
     111
     101
     130
     123
     134
     131
     120
     137
     126
     132
     128
     141
     155
     141
     133
     127
     134
     115
     121
     132
     122
     124
     142
     125
     124
     111
     134
     116
     123
     117
     129
      99
     124
     136
     126
     118
     115
     120
     121
     125
     125
     115
     118
      96
     124
     125
      98
     120
     113
     104
     103
     112
     117
     108
     110
     126
     119
     109
     117
     101
     105
     124
     122
     106
     118
     104
     103
     110
     103
     112
     103
      96
      96
     106
     126
     111
      86
      97
      88
     120
     110
     114
     114
     105
     102
      99
     123
     107
      92
     118
      98
     103
      95
     118
     105
     108
      98
     100
     101
      94
      98
     104
      99
      89
      97
     119
     101
      78
     111
     111
     110
     117
      94
     103
      89
     108
     112
      81
     109
      94
     105
      93
      98
     104
      97
     100
      90
      86
      83
     103
      91
     105
     101
      73
      94
      89
      80
      94
      81
     102
      89
      83
      94
      85
      84
      99
      90
      88
      81
      82
      86
      82
      84
      83
      77
      80
      75
      96
      78
      65
      69
      87
      77
      88
      73
      73
      63
      78
      70
      62
      77
      72
      63
      65
      82
      67
      49
      63
      55
      59
      57
      62
      70
      62
      51
      62
      66
      55
      53
      49
      47
      46
      53
      54
      55
      68
      49
      57
      50
      49
      40
      55
      51
      45
      46
      40
      49
      44
      42
      45
      38
      41
      38
      32
      36
      37
      30
      39
      35
      24
      33
      37
      28
      30
      35
      29
      37
      28
      29
      41
      45
      39
      35
      46
      33
      32
      32
      34
      26
      35
      33
      31
      36
      46
      26
      27
      31
      27
      33
      30
      32
      31
      35
      32
      27
      33
      27
      34
      33
      31
      35
      29
      34
      25
      22
      36
      31
      32
      32
      29
      29
      36
      29
      25
      30
      34
      31
      25
      36
      20
      31
      29
      36
      39
      36
      38
      28
      40
      34
      25
      42
      32
      26
      43
      47
      39
      50
      60
      39
      31
      39
      46
      31
      48
      29
      56
      41
      54
      54
      53
      48
      52
      68
      66
      76
      49
      67
      63
      56
      76
      59
      78
      95
      95
      75
      90
      95
     108
     104
      99
     118
     106
     102
     112
     138
     132
     122
     144
     131
     151
     145
     143
     146
     155
     164
     167
     152
     170
     183
     187
     191
     181
     195
     220
     233
     236
     218
     226
     234
     241
     267
     234
     243
     276
     260
     273
     281
     265
     286
     260
     292
     285
     240
     272
     296
     316
     332
     292
     346
     302
     306
     315
     302
     299
     312
     293
     312
     336
     311
     322
     302
     341
     301
     314
     293
     288
     293
     316
     296
     263
     281
     290
     302
     263
     283
     286
     270
     265
     285
     271
     226
     258
     238
     241
     259
     244
     232
     216
     212
     230
     233
     199
     178
     205
     197
     171
     163
     159
     152
     188
     173
     141
     154
     148
     141
     131
     131
     103
     120
     137
     123
      88
     109
     106
     114
     119
     101
      91
      84
      66
      91
      75
      63
      60
      87
      61
      64
      57
      69
      52
      44
      51
      35
      34
      45
      41
      46
      32
      38
      37
      29
      23
      27
      16
      23
      26
      22
      27
      21
      21
      25
      26
      11
      17
      23
      15
      18
      20
      15
      17
      14
      13
      15
       9
      10
      19
      12
      14
      10
       8
       8
      13
      12
       9
       8
      12
      12
      15
      13
      10
       9
      18
       8
      16
       7
       8
       8
      12
      16
      15
      10
       9
       9
       8
       7
      11
       7
       4
       7
      13
       3
       7
       4
       7
       4
       6
       3
       7
       7
       7
       5
       3
       6
       5
       9
       8
       9
       8
       4
      10
      11
       7
      11
       4
       7
       4
       7
       5
      12
       4
       5
       6
       0
       3
       4
       5
       5
       8
       6
       2
       9
       5
       3
       4
       5
      11
       7
       4
       7
       4
       7
       5
       7
       3
       4
       6
       5
       9
       2
       5
       8
       7
       5
       4
       7
       4
       6
       3
       4
       5
       4
       1
       4
       8
       4
      10
       3
       4
       6
       7
       3
       6
       6
       2
       3
       4
       7
      12
       5
       8
       9
       8
       6
       8
       3
       6
       4
       6
       4
       7
       2
       6
       7
      10
     148
     168
     133
     138
     132
     146
     139
     151
     162
     150
     121
     133
     129
     157
     139
     128
     153
     134
     154
     110
     141
     131
     140
$ROI:
0
$PRESETS:
Live Time
300
0
$ENER_FIT:
0.000000 0.022071
$MCA_CAL:
3
0.000000E+000 2.207131E-002 0.000000E+000
$SHAPE_CAL:
3
0.000000E+000 0.000000E+000 0.000000E+000
