$SPEC_ID:
Pb
$SPEC_REM:
DET# 1
DETDESC# MULTICANAL MCB 2
AP# Maestro Version 5.30
$DATE_MEA:
01/01/1999 02:29:00
$MEAS_TIM:
300 301
$DATA:
0 1023
       0
       0
       0
       0
       2
      89
      83
      99
     116
     103
      92
     102
      92
     104
     110
     103
     102
     106
     101
     108
     107
      92
     106
     125
     122
     128
     104
     107
     133
     134
     115
     146
     130
     117
     162
     134
     130
     143
     145
     166
     151
     133
     142
     140
     149
     148
     155
     154
     154
     129
     141
     171
     168
     172
     161
     147
     158
     193
     189
     192
     183
     194
     224
     217
     232
     200
     229
     238
     239
     280
     262
     256
     253
     283
     241
     298
     265
     305
     270
     317
     315
     274
     332
     310
     349
     396
     375
     375
     391
     393
     407
     465
     445
     509
     503
     524
     517
     554
     515
     567
     602
     624
     634
     653
     712
     723
     684
     709
     791
     815
     811
     812
     782
     806
     794
     824
     739
     774
     785
     728
     797
     720
     670
     718
     681
     656
     587
     586
     611
     547
     533
     442
     510
     486
     463
     470
     420
     424
     388
     384
     384
     368
     351
     347
     366
     322
     327
     358
     358
     325
     357
     311
     286
     300
     280
     304
     323
     288
     309
     284
     316
     334
     296
     336
     283
     297
     311
     322
     304
     301
     274
     291
     306
     317
     298
     284
     269
     349
     316
     282
     298
     298
     323
     320
     344
     304
     317
     316
     310
     303
     310
     317
     305
     326
     310
     298
     330
     322
     328
     314
     327
     322
     316
     304
     336
     346
     305
     347
     319
     340
     311
     346
     369
     330
     313
     336
     319
     302
     317
     320
     350
     325
     331
     318
     351
     284
     333
     317
     312
     316
     308
     283
     278
     335
     313
     305
     319
     311
     290
     302
     288
     291
     342
     278
     308
     288
     298
     288
     275
     279
     292
     284
     260
     274
     284
     235
     289
     257
     279
     258
     268
     256
     253
     219
     235
     255
     278
     229
     225
     226
     220
     237
     233
     225
     230
     229
     212
     221
     237
     198
     217
     228
     190
     211
     221
     208
     199
     208
     217
     206
     176
     203
     221
     189
     167
     195
     184
     188
     180
     172
     183
     175
     183
     163
     187
     182
     180
     175
     162
     175
     156
     168
     172
     153
     164
     162
     170
     166
     145
     167
     170
     156
     156
     169
     158
     170
     166
     150
     146
     167
     152
     160
     157
     161
     136
     134
     131
     157
     145
     131
     145
     142
     138
     176
     143
     150
     151
     172
     136
     146
     171
     166
     149
     156
     154
     153
     161
     177
     164
     154
     159
     179
     195
     173
     184
     154
     174
     178
     202
     155
     176
     188
     184
     167
     191
     201
     198
     198
     203
     195
     184
     215
     198
     220
     218
     218
     217
     218
     218
     217
     238
     233
     256
     220
     216
     218
     220
     213
     249
     234
     253
     208
     261
     234
     228
     239
     237
     237
     230
     254
     249
     235
     228
     234
     232
     243
     244
     264
     227
     267
     266
     244
     243
     255
     249
     207
     258
     238
     241
     259
     232
     250
     255
     242
     235
     235
     226
     241
     254
     235
     270
     233
     252
     267
     244
     259
     257
     230
     257
     292
     293
     279
     264
     304
     275
     312
     271
     281
     299
     288
     295
     282
     274
     313
     336
     365
     375
     320
     345
     331
     373
     382
     352
     395
     379
     402
     358
     379
     394
     417
     379
     390
     392
     411
     399
     417
     462
     423
     431
     427
     402
     441
     384
     416
     392
     432
     389
     392
     385
     360
     359
     389
     388
     361
     409
     383
     369
     369
     353
     351
     333
     352
     364
     314
     331
     287
     291
     299
     290
     287
     282
     274
     289
     257
     291
     222
     212
     221
     244
     225
     218
     193
     209
     199
     187
     212
     194
     180
     156
     161
     152
     145
     126
     140
     149
     112
     130
     115
     113
     126
      86
     107
      75
     101
      98
      86
      85
      83
      74
      67
      62
      57
      64
      63
      56
      53
      61
      52
      58
      47
      52
      46
      43
      45
      37
      45
      42
      30
      42
      32
      36
      28
      35
      34
      28
      34
      27
      32
      26
      23
      28
      26
      24
      23
      24
      24
      21
      26
      15
      22
      22
      22
      18
      24
      17
      26
      17
      17
      19
      15
      19
      18
      13
      10
      21
      23
      16
      12
      10
      18
      14
      17
      15
      18
      14
      14
      10
      16
      15
      23
      14
      10
      14
      14
      15
      14
      13
      12
      11
      13
      11
      14
      10
      10
      13
      14
      10
      17
      14
      17
      13
      13
      17
       9
      13
      14
      17
       7
      13
       9
      12
      16
       8
      14
      13
      19
      10
      15
      13
      13
      14
       8
      11
      13
      16
       9
      16
      12
      13
       9
      15
       8
       9
      21
       9
      15
      13
       8
      11
      13
      13
       6
      10
      12
      11
      10
       9
      17
      11
      20
      18
      15
      12
       8
      11
      10
      11
      11
      10
      10
       8
      14
       8
      14
      12
       5
       9
       9
      10
      14
      11
       4
      10
       9
       9
       9
       6
       8
       5
       6
       8
       6
       7
      10
       6
       6
      10
      11
      14
      11
      10
       9
       3
       7
      11
      11
      10
      12
      11
      12
      11
       6
      11
      10
       8
       8
       8
      14
      10
       6
      10
      11
       9
       8
       8
       6
       8
      12
       7
       9
       6
      14
      14
       7
       9
       9
       9
      10
      11
      10
      10
      14
       4
       7
       9
       6
       7
      13
      10
       8
      12
       4
      11
      10
      17
      11
       8
       7
      10
      10
       8
      12
      10
       4
      12
      13
      14
       7
      13
      11
       5
       4
       6
      13
       7
       6
      14
      11
      10
      15
      10
       8
       7
       9
      16
       8
       8
       4
       9
      11
      13
      14
       9
       9
      10
       7
       6
       4
      11
      10
       8
      13
       6
      13
       7
       5
       4
      10
      13
      12
      14
       4
      12
       5
       6
       7
       6
       7
       7
      14
       8
       6
       7
       9
      13
      10
       7
       8
       6
       4
       5
       9
       4
       6
       6
       6
       6
      11
       9
       6
       6
       4
       6
       4
       8
       6
       6
      10
       7
       8
       8
      11
      12
       6
       5
       8
      13
       4
       6
       4
       6
       4
       8
       6
      12
      10
       9
       8
       8
       8
       4
       6
       5
       6
       5
       8
       3
      10
       5
       4
       9
      11
       6
       7
       4
       4
       4
       8
       8
       8
       6
       2
       6
       6
       5
       2
       7
       9
       8
       6
       7
       1
       4
      11
       7
       8
       6
       6
       6
       3
       3
       5
       6
       7
       5
      10
       3
       5
       4
       5
       8
       6
       6
       7
       8
       5
       2
       3
       4
       6
       5
      16
      10
       7
       7
       5
       7
       8
       6
       6
       5
       5
       3
       7
       5
       5
       3
      10
       6
       9
       4
       7
       8
       1
       2
       7
       8
       8
       7
       2
      17
     160
     200
     208
     213
     171
     190
     192
     175
     159
     170
     177
     184
     172
     167
     187
     190
     174
     173
     157
     198
     185
     176
     189
$ROI:
0
$PRESETS:
Live Time
300
0
$ENER_FIT:
0.000000 0.022071
$MCA_CAL:
3
0.000000E+000 2.207131E-002 0.000000E+000
$SHAPE_CAL:
3
0.000000E+000 0.000000E+000 0.000000E+000
