$SPEC_ID:
Pb
$SPEC_REM:
DET# 1
DETDESC# MULTICANAL MCB 2
AP# Maestro Version 5.30
$DATE_MEA:
01/01/1999 02:15:00
$MEAS_TIM:
300 301
$DATA:
0 1023
       0
       0
       0
       0
       0
      61
      58
      83
      67
      69
      73
      65
      91
      58
      80
      78
      55
      97
      94
      65
      76
      86
      82
      93
      95
      97
     102
      89
      78
     118
     103
      95
     108
      85
     114
      95
     100
     110
     118
     110
     131
     136
     108
     116
     115
     109
     112
     130
      76
     114
     116
     113
     108
     136
     119
     103
     132
     105
     122
     107
     140
     116
     143
     156
     114
     124
     168
     155
     141
     179
     143
     171
     191
     140
     167
     162
     155
     206
     181
     202
     224
     202
     234
     214
     210
     235
     227
     213
     236
     224
     211
     230
     258
     248
     235
     247
     257
     251
     261
     267
     277
     242
     281
     272
     276
     261
     287
     259
     304
     295
     287
     269
     310
     288
     303
     301
     281
     300
     306
     285
     330
     296
     289
     259
     297
     280
     318
     266
     244
     281
     272
     268
     278
     295
     269
     274
     240
     266
     246
     282
     256
     264
     254
     263
     251
     268
     255
     272
     253
     271
     266
     250
     242
     242
     284
     265
     269
     240
     251
     264
     271
     265
     258
     262
     260
     239
     282
     262
     311
     262
     277
     263
     289
     275
     237
     259
     265
     292
     252
     280
     255
     286
     277
     285
     266
     299
     273
     265
     258
     314
     273
     281
     287
     248
     279
     269
     268
     303
     305
     310
     266
     261
     277
     255
     285
     299
     246
     296
     291
     311
     283
     295
     273
     292
     281
     326
     296
     274
     278
     322
     307
     275
     284
     302
     279
     284
     285
     266
     268
     289
     275
     240
     265
     256
     250
     276
     255
     267
     270
     251
     299
     263
     261
     235
     252
     270
     257
     244
     239
     268
     236
     230
     230
     246
     231
     224
     205
     235
     214
     211
     249
     218
     209
     240
     212
     223
     206
     242
     240
     183
     205
     221
     185
     183
     204
     186
     189
     218
     209
     201
     190
     190
     192
     192
     187
     179
     190
     200
     184
     184
     193
     164
     156
     182
     170
     175
     150
     175
     163
     189
     167
     166
     200
     158
     174
     167
     157
     166
     153
     146
     170
     141
     168
     165
     146
     146
     154
     164
     145
     158
     125
     159
     151
     138
     151
     141
     162
     133
     136
     136
     146
     150
     149
     144
     148
     129
     156
     115
     133
     120
     139
     149
     170
     162
     175
     156
     130
     151
     137
     151
     144
     173
     156
     124
     156
     141
     149
     154
     148
     150
     142
     145
     189
     178
     164
     165
     160
     174
     165
     170
     170
     142
     149
     179
     167
     158
     193
     158
     164
     180
     174
     199
     184
     171
     206
     177
     168
     183
     208
     185
     184
     210
     212
     198
     173
     184
     195
     196
     197
     201
     170
     214
     190
     199
     212
     199
     198
     199
     218
     219
     228
     191
     192
     198
     223
     200
     214
     201
     204
     201
     200
     218
     209
     219
     202
     221
     216
     216
     184
     215
     181
     210
     201
     181
     217
     195
     180
     214
     187
     188
     203
     210
     189
     202
     195
     163
     218
     193
     221
     209
     179
     199
     231
     219
     198
     197
     231
     231
     220
     230
     260
     217
     233
     221
     242
     258
     243
     240
     256
     263
     269
     243
     254
     284
     262
     276
     249
     305
     297
     290
     305
     290
     285
     317
     312
     291
     299
     277
     327
     326
     316
     296
     316
     359
     317
     282
     331
     294
     297
     296
     262
     272
     298
     268
     277
     272
     283
     268
     277
     293
     279
     282
     255
     257
     258
     234
     251
     265
     221
     226
     235
     230
     204
     193
     216
     184
     195
     168
     186
     191
     200
     188
     166
     149
     183
     152
     151
     153
     151
     134
     118
     117
     127
     123
      98
     118
     128
     101
     109
      94
      81
     102
      70
      78
      78
      78
      83
      65
      87
      73
      80
      67
      70
      60
      62
      68
      52
      57
      39
      56
      44
      41
      34
      25
      36
      28
      34
      34
      43
      41
      36
      26
      31
      26
      24
      28
      33
      24
      30
      19
      34
      17
      22
      26
      19
      24
      14
      22
      10
      13
      17
      19
      29
      15
      19
      17
      19
       9
      23
      14
      18
      23
      15
      16
      20
       9
      16
      20
      16
      12
      11
      22
      12
      15
      11
      13
       9
      11
       8
      11
      20
      15
      20
      14
       9
      19
      16
      12
      12
      14
      16
      17
      11
      17
      11
       9
      11
      10
      19
      10
       7
       9
      16
       9
      14
      12
      11
      13
       8
      12
      13
      13
      18
      11
      10
      13
       8
      10
       7
      12
      15
      13
      16
      13
       8
       5
      11
      14
      19
       6
      10
      11
       9
      17
      12
      17
      18
       9
       7
       9
       9
      10
       8
      12
      15
       9
      16
      13
      10
       8
      11
       5
       9
       7
      14
       9
      12
      13
       7
      14
      12
      17
      13
       9
      13
      11
       6
      12
      12
      10
       9
      10
       2
      13
       7
      10
       8
       8
       7
      13
      13
       7
      10
      12
      11
      12
       8
      12
      13
       8
      13
      10
      10
      13
      11
       9
       9
      11
      15
       8
      10
      10
      11
       5
      14
       4
       9
       5
       4
      10
      10
       7
      10
       5
      10
       8
       9
       8
       6
      13
      10
      12
      16
       8
      13
      13
       7
       7
       9
       4
      11
      10
       7
       7
      10
       2
      14
       8
       7
       9
       7
      14
      11
      13
       7
       3
      10
       8
       6
      10
       7
       8
      18
       4
       8
      11
       6
      16
      12
      13
       7
       8
       8
      13
       6
      17
      12
      12
      11
      11
       3
       7
      11
      10
       6
      10
      15
       6
       9
       9
       8
      13
       6
      12
       8
       9
      10
       5
      12
       6
       8
       9
       6
       9
      14
       3
      11
       9
       9
      10
       7
       9
       7
       5
       9
       8
       8
       6
      13
      12
      12
      12
       8
      13
       9
      15
       8
       5
       8
      10
       8
       8
       5
       6
       7
       5
      10
      13
       2
       9
       7
      12
       6
       7
       9
       4
       9
       6
       6
       5
       3
      10
       9
       7
       7
       9
       7
       5
      11
       8
       7
       7
       7
       3
       7
      11
       8
       5
       6
      13
       7
       9
       5
      12
       7
       7
       8
       0
       7
       1
       5
       8
      11
       6
      12
       3
      13
      11
       7
       6
       2
      11
       7
       6
       5
       9
      10
       5
       7
       8
       7
       8
       2
       7
       5
       4
       5
       4
       4
       4
       6
       5
       3
       8
       7
       1
       1
       3
       9
       1
       7
       4
       4
       4
       6
       3
       3
      11
       7
       8
       4
       6
       5
       7
       5
       5
       6
      10
       9
       4
       1
       4
       9
       5
       4
       7
       4
       6
       8
       4
       5
       3
       6
       3
       7
       4
       5
       7
       4
       7
      17
     193
     196
     181
     182
     169
     198
     185
     177
     186
     186
     180
     180
     172
     194
     165
     165
     177
     152
     164
     174
     157
     150
     164
$ROI:
0
$PRESETS:
Live Time
300
0
$ENER_FIT:
0.000000 0.022071
$MCA_CAL:
3
0.000000E+000 2.207131E-002 0.000000E+000
$SHAPE_CAL:
3
0.000000E+000 0.000000E+000 0.000000E+000
