$SPEC_ID:
Pb
$SPEC_REM:
DET# 1
DETDESC# MULTICANAL MCB 2
AP# Maestro Version 5.30
$DATE_MEA:
01/01/1999 01:43:40
$MEAS_TIM:
300 302
$DATA:
0 1023
       0
       0
       0
       0
       1
     212
     195
     170
     175
     134
     128
     117
     115
     117
     118
     130
     134
     172
     164
     200
     224
     269
     320
     391
     473
     567
     662
     873
     966
    1215
    1421
    1606
    1869
    2055
    2333
    2462
    2810
    3062
    3156
    3150
    3255
    3339
    3277
    3274
    3157
    3065
    2868
    2753
    2484
    2419
    2135
    1925
    1752
    1585
    1411
    1273
    1057
     960
     901
     755
     698
     610
     608
     495
     487
     456
     424
     391
     429
     425
     435
     357
     384
     365
     388
     394
     406
     439
     406
     431
     393
     466
     448
     445
     480
     476
     435
     470
     508
     545
     557
     546
     586
     599
     592
     645
     653
     713
     711
     810
     805
     853
     834
     813
     950
     916
     943
    1064
    1030
    1112
    1130
    1080
    1178
    1180
    1220
    1216
    1218
    1162
    1227
    1198
    1177
    1108
    1148
    1172
    1205
    1101
    1023
    1018
     961
     900
     888
     884
     858
     905
     816
     700
     724
     667
     642
     597
     559
     568
     574
     507
     448
     483
     440
     462
     431
     387
     363
     367
     391
     374
     363
     350
     346
     326
     334
     304
     333
     286
     323
     310
     318
     280
     317
     308
     297
     279
     298
     301
     308
     293
     282
     276
     275
     323
     309
     280
     280
     307
     291
     296
     285
     262
     265
     284
     286
     290
     296
     348
     301
     321
     320
     301
     294
     295
     288
     316
     283
     289
     313
     271
     336
     314
     291
     288
     285
     332
     292
     304
     325
     312
     328
     310
     312
     318
     325
     323
     287
     335
     324
     344
     328
     310
     326
     318
     330
     287
     316
     321
     368
     317
     317
     282
     299
     339
     346
     307
     309
     306
     336
     303
     311
     308
     292
     272
     330
     274
     335
     296
     315
     266
     271
     258
     258
     280
     287
     311
     292
     266
     292
     263
     269
     250
     250
     267
     265
     257
     260
     262
     256
     251
     236
     237
     229
     251
     233
     233
     246
     229
     259
     233
     216
     242
     237
     203
     216
     212
     214
     237
     189
     202
     182
     223
     197
     197
     207
     205
     224
     203
     197
     193
     212
     199
     217
     191
     196
     181
     173
     163
     159
     189
     199
     167
     164
     181
     189
     168
     150
     151
     155
     149
     145
     174
     161
     145
     158
     169
     164
     156
     156
     161
     136
     173
     138
     163
     145
     165
     150
     121
     136
     150
     144
     142
     126
     146
     127
     124
     128
     159
     139
     141
     126
     129
     141
     141
     147
     139
     145
     153
     147
     155
     149
     157
     145
     151
     144
     161
     150
     146
     160
     172
     146
     155
     167
     168
     165
     159
     142
     178
     180
     161
     173
     183
     184
     177
     177
     185
     190
     172
     207
     174
     178
     205
     203
     227
     228
     188
     198
     216
     186
     216
     209
     210
     231
     233
     225
     203
     211
     219
     226
     220
     230
     226
     227
     281
     236
     210
     261
     253
     204
     252
     227
     224
     234
     232
     264
     234
     228
     253
     253
     238
     244
     236
     248
     242
     245
     239
     235
     240
     261
     255
     264
     240
     237
     232
     255
     251
     275
     267
     246
     244
     260
     219
     246
     248
     259
     276
     245
     275
     288
     262
     268
     265
     238
     268
     303
     249
     296
     283
     272
     288
     291
     338
     326
     340
     347
     339
     313
     297
     343
     360
     322
     332
     329
     366
     349
     395
     389
     347
     377
     362
     417
     405
     362
     405
     398
     334
     359
     378
     408
     414
     399
     412
     371
     404
     408
     422
     383
     396
     393
     414
     364
     408
     396
     378
     399
     343
     355
     380
     367
     384
     368
     386
     410
     363
     339
     351
     358
     349
     337
     319
     314
     297
     289
     317
     291
     276
     277
     306
     303
     257
     258
     267
     231
     250
     237
     256
     207
     205
     208
     185
     212
     195
     198
     197
     186
     183
     180
     160
     168
     156
     179
     135
     130
     137
     119
     107
     122
     108
     103
     109
     101
     114
      92
      88
      77
      83
      82
      78
      80
      73
      83
      90
      70
      69
      70
      62
      60
      62
      67
      55
      60
      67
      48
      50
      45
      43
      48
      53
      40
      33
      37
      29
      49
      31
      35
      23
      38
      42
      27
      26
      34
      28
      27
      24
      18
      26
      24
      16
      29
      22
      30
      41
      31
      28
      23
      25
      20
      11
      11
      19
      21
      17
      19
      12
      21
      25
      18
      15
      19
      12
      16
      18
      19
       8
      21
      18
      11
      17
      14
      15
       8
      18
      23
      14
      19
      15
      15
      12
       8
      13
       8
      11
      15
      18
      16
      15
      11
      12
      12
      10
      10
      16
       9
      16
      12
      11
      15
      12
      11
      17
      11
      16
      11
       8
      20
       6
      12
      14
      12
      15
      10
      10
      15
       9
      14
       8
      22
      12
      11
      13
       6
      10
      12
       9
       8
       9
      16
      17
       5
      14
       9
      11
       7
       8
      11
      13
       9
      14
       7
      10
       6
      14
       6
      10
      13
      14
      11
      12
       7
      19
       8
       3
       8
      10
      12
      13
       9
       6
      13
      10
      12
      12
      10
      12
       8
       7
       8
      15
      11
      13
       9
      10
      14
       9
      11
      11
      10
       6
       6
      11
      12
      15
      12
       5
       8
       9
       7
       9
       8
       4
       8
       6
       6
       9
       8
       6
       8
       7
       8
       6
       9
       7
       5
       6
       8
      14
      13
      12
       6
       8
       5
      10
       6
       7
       8
      14
       7
       6
       6
       5
       8
       6
       6
       5
      12
      12
       4
       6
      12
       5
       6
       9
      12
      11
       6
      18
      16
       9
       5
      10
       8
       9
      13
      12
       7
       8
      10
      15
      11
      15
      12
      10
      12
      12
       4
       9
       8
       6
       7
      10
      14
       9
      13
      12
       9
       9
       5
       6
      11
       9
      11
       5
      10
       4
      11
      12
      13
       7
      11
       5
       8
       5
       8
       9
       6
       8
       6
       3
       7
       8
       6
       9
      13
      10
       6
      11
       9
       9
       4
       5
       7
       9
       8
       8
       8
       5
      14
       3
       4
       6
       7
       9
       9
       9
       9
       9
      10
       8
       8
       6
       6
       9
       6
       7
      13
       7
       6
      13
       5
      12
      10
       8
       6
       4
       2
       6
       5
       3
       6
      11
       6
       7
       4
       5
       6
       7
      11
       5
       3
       8
       4
       9
       4
       7
       8
       9
       4
       6
       4
       7
       6
       8
       9
       4
       6
       5
      10
       9
      15
       2
       6
      11
       4
       1
       7
       9
       7
       8
       2
       3
       6
       6
       3
       4
       9
       6
       8
       3
       6
       6
      10
      10
       5
       2
       8
       7
       7
       6
       3
       7
       4
       5
       3
       4
       4
       5
       5
       6
      12
       5
       9
       5
       5
       8
       7
       2
      19
     177
     170
     174
     189
     196
     180
     177
     189
     204
     208
     189
     187
     217
     188
     169
     174
     188
     214
     168
     167
     187
     182
     161
$ROI:
0
$PRESETS:
Live Time
300
0
$ENER_FIT:
0.000000 0.022071
$MCA_CAL:
3
0.000000E+000 2.207131E-002 0.000000E+000
$SHAPE_CAL:
3
0.000000E+000 0.000000E+000 0.000000E+000
