$SPEC_ID:
Pb
$SPEC_REM:
DET# 1
DETDESC# MULTICANAL MCB 2
AP# Maestro Version 5.30
$DATE_MEA:
01/01/1999 02:00:30
$MEAS_TIM:
300 301
$DATA:
0 1023
       0
       0
       1
       1
       0
      62
      68
      83
      62
      55
      76
      90
      54
      64
      78
      72
      69
     108
      95
      88
      81
      84
      96
     101
      80
     107
      79
      92
      92
      99
     118
     107
      88
     131
     122
     114
     105
     108
     107
     107
     100
     104
     102
     109
     109
     106
     101
     100
     124
     116
      91
     107
      91
     123
     101
     123
     124
     126
     137
      98
     122
     122
     130
     138
     132
     134
     141
     133
     149
     161
     155
     173
     181
     150
     179
     175
     184
     184
     202
     221
     195
     194
     203
     212
     214
     213
     227
     242
     199
     229
     259
     239
     236
     249
     242
     218
     250
     274
     248
     241
     243
     242
     235
     252
     236
     262
     237
     260
     248
     255
     263
     257
     255
     236
     248
     211
     247
     241
     259
     249
     302
     249
     235
     249
     257
     256
     243
     243
     241
     260
     248
     263
     276
     234
     262
     247
     260
     289
     244
     211
     252
     273
     251
     251
     253
     253
     239
     223
     253
     270
     261
     264
     251
     268
     262
     253
     260
     257
     268
     274
     249
     266
     246
     243
     258
     264
     270
     265
     253
     262
     275
     281
     268
     254
     253
     269
     282
     272
     272
     277
     254
     253
     277
     307
     267
     269
     279
     278
     247
     244
     257
     311
     271
     265
     261
     265
     278
     276
     272
     277
     279
     296
     280
     283
     302
     288
     266
     250
     281
     279
     243
     269
     274
     281
     254
     257
     243
     211
     267
     277
     257
     271
     276
     263
     234
     281
     260
     214
     247
     234
     233
     278
     250
     222
     240
     251
     249
     256
     237
     248
     229
     256
     230
     226
     211
     226
     220
     251
     214
     217
     226
     240
     225
     197
     213
     200
     228
     219
     199
     200
     210
     205
     202
     184
     177
     189
     210
     193
     185
     173
     181
     186
     211
     189
     182
     194
     181
     169
     173
     180
     192
     175
     156
     181
     183
     163
     154
     151
     153
     164
     182
     157
     181
     145
     158
     141
     144
     165
     146
     140
     138
     152
     155
     166
     156
     149
     148
     169
     166
     161
     140
     133
     157
     150
     131
     153
     150
     120
     135
     129
     130
     145
     162
     136
     157
     128
     147
     125
     135
     115
     140
     137
     133
     154
     134
     153
     133
     133
     124
     136
     139
     144
     149
     119
     164
     139
     155
     126
     154
     139
     152
     162
     153
     133
     145
     145
     148
     161
     117
     138
     155
     134
     151
     133
     181
     177
     151
     160
     159
     163
     160
     165
     174
     172
     149
     151
     164
     162
     162
     178
     168
     183
     158
     193
     190
     186
     191
     190
     175
     173
     195
     165
     170
     159
     190
     210
     163
     179
     172
     180
     174
     179
     181
     179
     207
     183
     186
     182
     179
     180
     166
     170
     188
     187
     168
     193
     166
     183
     185
     180
     175
     200
     180
     195
     211
     183
     176
     200
     182
     204
     181
     165
     190
     168
     201
     195
     189
     196
     189
     195
     221
     177
     218
     192
     215
     206
     212
     189
     197
     205
     213
     228
     223
     228
     215
     221
     226
     217
     232
     220
     223
     211
     221
     232
     250
     245
     215
     226
     250
     233
     289
     255
     246
     256
     272
     265
     252
     256
     229
     254
     250
     260
     245
     265
     259
     239
     254
     241
     251
     238
     238
     253
     236
     242
     223
     218
     243
     223
     219
     210
     180
     184
     201
     207
     218
     200
     183
     169
     186
     159
     167
     195
     175
     149
     164
     149
     174
     152
     157
     150
     150
     128
     146
     125
     125
     118
     110
     107
     120
      96
      98
     105
     100
      94
      80
      99
      68
      72
      91
      68
      87
      75
      92
      67
      69
      69
      56
      63
      56
      61
      50
      47
      39
      37
      37
      46
      46
      33
      39
      43
      31
      38
      47
      36
      24
      36
      27
      30
      21
      30
      29
      24
      35
      36
      20
      25
      19
      20
      20
      27
      15
      16
      17
      20
      21
      18
      24
      17
      20
      16
      23
      19
      13
      21
      19
      14
      18
       9
      18
      11
      19
      14
      22
      20
      16
      10
      16
      13
      13
      10
      16
       6
      13
      22
      12
      13
      17
      11
       8
      16
      14
      18
       8
       7
      15
      11
       7
      13
      14
       8
      13
      12
      11
      15
      13
      10
       8
      17
      17
      13
       6
      10
      10
      11
      12
      16
      14
       9
      18
      16
      12
       8
      11
       9
      13
      10
       9
      17
      13
      13
      12
      17
      17
      17
      11
      10
      11
      14
      14
      16
      16
      14
       9
      16
      10
      11
      12
       8
      12
      14
      12
      10
      12
      15
       8
      10
      12
       9
       9
       9
       5
       9
      15
       9
      14
      15
       9
       9
       9
       5
      10
      11
      11
      16
      14
      15
       9
       5
       5
       6
      11
      10
      13
       5
       9
       7
      12
      10
       9
       6
       9
      17
      11
      13
      10
      13
       4
       9
      11
      12
       6
      11
       4
       8
       9
      13
       9
      17
      10
       9
      13
       8
       7
      11
      12
      10
      12
      13
      12
       6
       7
      11
       8
       5
      10
      17
      10
      13
      10
       9
       6
      10
       6
      14
       3
      10
       9
       8
      10
      12
       9
       6
      11
      15
      11
      13
      13
       7
       9
      13
      15
      11
      10
       9
      10
      13
      13
       8
       8
       7
      13
       5
      13
      13
      15
      13
      11
      12
      11
      12
      11
      13
       9
      11
       9
       5
       3
       8
      15
      12
      14
      11
       6
       8
       8
       7
       4
       8
       9
       9
       7
      10
       8
       7
      12
       6
       6
       8
       5
      10
       7
       9
       7
      10
       7
       8
       6
       8
       7
       7
       9
       9
       8
       6
      10
       8
       9
      10
       6
       9
       8
      10
      12
       6
       9
       8
       8
       7
       9
      11
      12
       4
       4
       7
       5
       5
       8
       3
       7
       4
       8
      11
       8
       8
       6
       7
       8
       5
       7
       8
       4
       3
       7
       5
       9
       8
       6
       6
      10
       5
       8
       8
       9
       3
       6
       7
       6
       8
       4
       3
       6
       6
       4
       2
       7
       6
      11
       9
       5
       7
      11
       7
       2
      10
      11
       3
       6
       6
       8
       4
       4
       8
      10
       8
       6
       7
       8
       6
       5
       5
       4
       2
       3
       6
       6
       6
      10
       6
      11
       7
      10
       6
       7
       0
       5
       7
      12
       9
       9
       8
       9
       5
       8
      11
       3
       7
       4
       6
       6
       6
       3
       1
       8
      13
       4
       4
       4
       6
       4
       6
       7
       2
       3
       6
       4
       4
       4
       8
       7
       5
       7
       9
       5
       3
       6
       6
       7
       7
       9
       5
       5
       4
       7
       5
       7
       7
       7
       4
       5
       3
      16
     196
     187
     181
     183
     164
     181
     169
     164
     179
     185
     173
     164
     162
     167
     178
     150
     173
     160
     153
     156
     182
     152
     156
$ROI:
0
$PRESETS:
Live Time
300
0
$ENER_FIT:
0.000000 0.022071
$MCA_CAL:
3
0.000000E+000 2.207131E-002 0.000000E+000
$SHAPE_CAL:
3
0.000000E+000 0.000000E+000 0.000000E+000
