$SPEC_ID:
Pb
$SPEC_REM:
DET# 1
DETDESC# MULTICANAL MCB 2
AP# Maestro Version 5.30
$DATE_MEA:
01/01/1999 02:22:14
$MEAS_TIM:
300 301
$DATA:
0 1023
       0
       0
       0
       1
       2
      94
      97
      74
      85
      88
      76
      92
      90
      77
      87
      78
      77
     108
      84
      93
      86
      95
     106
     105
     111
     107
      86
      95
     116
     117
     104
     131
     108
     106
     102
     110
     116
     101
     131
     124
     111
     124
     126
     130
     139
     127
     130
     128
     124
     129
     140
     150
     115
     132
     138
     143
     152
     135
     142
     147
     152
     169
     156
     170
     167
     166
     172
     186
     188
     184
     176
     169
     205
     184
     199
     180
     173
     193
     214
     226
     203
     211
     223
     257
     234
     237
     270
     276
     288
     309
     298
     290
     310
     329
     304
     316
     315
     329
     358
     324
     356
     359
     381
     377
     364
     422
     398
     439
     429
     380
     409
     431
     412
     421
     422
     407
     449
     440
     428
     450
     448
     389
     390
     434
     426
     364
     355
     352
     384
     363
     353
     351
     341
     326
     324
     309
     301
     280
     312
     310
     297
     311
     321
     303
     306
     315
     308
     287
     318
     310
     260
     292
     288
     290
     301
     269
     266
     299
     280
     290
     308
     285
     260
     299
     285
     306
     303
     281
     284
     278
     270
     291
     271
     278
     312
     259
     290
     267
     283
     268
     290
     316
     279
     290
     288
     299
     278
     295
     312
     283
     268
     292
     304
     287
     324
     296
     273
     279
     301
     304
     302
     291
     304
     309
     296
     290
     310
     292
     283
     330
     310
     313
     312
     326
     274
     298
     308
     293
     313
     289
     326
     309
     282
     314
     321
     304
     276
     301
     270
     266
     335
     267
     308
     280
     265
     304
     306
     269
     259
     282
     292
     253
     266
     282
     276
     267
     268
     297
     251
     254
     272
     273
     268
     267
     232
     246
     265
     256
     245
     222
     248
     247
     273
     251
     226
     218
     238
     229
     234
     253
     238
     200
     206
     246
     227
     212
     206
     212
     242
     203
     227
     217
     227
     196
     225
     207
     227
     214
     183
     187
     159
     194
     185
     175
     194
     208
     168
     185
     175
     182
     177
     166
     192
     174
     182
     162
     188
     174
     166
     159
     175
     172
     151
     158
     184
     168
     153
     172
     158
     168
     158
     136
     160
     154
     157
     138
     150
     145
     160
     146
     128
     154
     165
     162
     152
     155
     138
     153
     152
     156
     154
     138
     147
     135
     148
     138
     132
     167
     125
     160
     132
     147
     147
     148
     155
     154
     136
     172
     155
     159
     156
     137
     152
     144
     136
     169
     163
     157
     175
     177
     129
     184
     183
     173
     169
     179
     201
     203
     174
     182
     165
     167
     219
     195
     171
     206
     197
     190
     197
     204
     222
     210
     236
     203
     167
     172
     196
     233
     208
     214
     206
     214
     233
     218
     238
     207
     197
     225
     249
     227
     206
     220
     220
     225
     255
     203
     245
     236
     229
     246
     220
     216
     243
     207
     235
     221
     252
     210
     211
     232
     210
     237
     223
     233
     229
     206
     247
     217
     224
     242
     233
     232
     210
     194
     214
     227
     210
     232
     223
     214
     249
     220
     255
     234
     224
     258
     264
     258
     243
     261
     238
     271
     272
     257
     262
     284
     289
     302
     301
     314
     298
     288
     299
     339
     291
     309
     345
     332
     318
     298
     336
     338
     314
     367
     360
     341
     351
     369
     338
     333
     333
     329
     367
     406
     350
     341
     371
     368
     342
     375
     375
     366
     349
     352
     356
     351
     340
     331
     318
     323
     324
     342
     308
     338
     317
     307
     292
     293
     273
     302
     299
     278
     257
     287
     269
     266
     257
     223
     255
     247
     210
     216
     222
     241
     198
     191
     201
     162
     197
     172
     181
     172
     156
     144
     146
     145
     129
     142
     135
     118
     117
     121
     112
      99
      91
     103
     106
      86
      94
      73
      91
      90
      67
      71
      61
      56
      80
      63
      57
      61
      51
      41
      56
      49
      57
      54
      42
      46
      36
      36
      42
      40
      33
      40
      43
      43
      34
      31
      25
      25
      26
      19
      29
      32
      31
      20
      22
      17
      24
      30
      20
      27
      16
      18
      19
      28
      25
      16
      18
      26
      25
      15
      14
      18
      12
      16
      17
      17
      16
      14
      14
      13
      20
      21
      24
      10
      18
      11
      13
      14
      17
      16
      14
      21
       8
      16
      13
      17
      11
      12
      16
      17
      14
      10
      11
      15
      13
      19
      10
      14
       9
      14
      15
       9
      12
       9
      15
      10
      21
      10
      16
      10
       5
       9
      15
       8
       8
      17
       8
      13
      15
      21
       9
      11
      14
      13
      14
      12
      10
      18
      14
      14
       9
      14
       7
       8
      11
      13
      19
      13
      15
      10
      15
      13
      16
      12
       8
      14
       9
      13
       9
      10
      12
       7
       7
      10
       9
       5
       9
      14
      11
       8
      10
      14
      17
       8
       4
      11
       8
      14
       8
       8
       9
      10
      13
       7
       7
      18
      14
      11
       8
      14
      15
       8
       9
      17
      14
       8
      13
      13
       9
      10
       8
       7
       9
       5
       8
       8
       8
       7
       8
      12
       9
      13
      11
       8
       9
       5
      12
      10
       7
       5
       7
       6
      12
       6
       8
       7
      12
      18
       9
       9
      12
       9
      12
      15
       3
       9
      13
       5
       6
      11
      12
      13
       5
      16
       7
       7
      10
      10
      12
      10
      10
      10
       8
       9
       8
       6
      15
      13
      13
      13
       9
       8
      12
      12
      14
      16
       9
      11
      11
      10
      15
       7
      13
      12
      17
       9
       9
       5
      10
       8
       9
      11
       5
      13
       7
       5
      10
       9
       8
       9
       9
       6
      10
       9
       9
      14
      11
       8
       6
       7
       6
       8
       6
       7
       7
       7
       9
       9
      12
       8
      13
      10
       6
       8
       9
      15
       6
      11
      10
       6
      10
       6
       8
       6
      10
      12
       7
       9
       7
       5
       7
       7
       3
      16
       8
       4
      10
      10
       8
       6
       6
       3
       5
       5
       6
       8
       9
       5
       9
       9
       6
       6
       6
      10
      12
       9
       9
       8
       9
      14
       7
       8
       7
       7
       9
      11
       7
       9
       7
       5
       3
       6
       7
       4
       6
       9
       9
      11
       7
       3
       7
       9
       6
       5
       6
       5
       4
       5
      12
       2
       6
       4
      10
       7
      12
       3
       4
       5
       7
       5
       8
       3
       7
       5
       5
       7
       8
      10
       8
       8
       6
       8
       8
       7
       6
       5
       7
       6
       7
       2
       6
       7
       4
       7
       9
       4
       5
      10
       4
       7
       6
       6
       4
       5
       7
       6
       7
       5
       7
       4
       4
       2
       5
       3
       5
       6
       4
       9
       4
       6
       5
       2
       7
       5
       6
       2
       3
       8
      21
     189
     176
     185
     197
     171
     169
     169
     187
     181
     183
     211
     179
     159
     174
     183
     200
     208
     172
     189
     178
     181
     168
     140
$ROI:
0
$PRESETS:
Live Time
300
0
$ENER_FIT:
0.000000 0.022071
$MCA_CAL:
3
0.000000E+000 2.207131E-002 0.000000E+000
$SHAPE_CAL:
3
0.000000E+000 0.000000E+000 0.000000E+000
