$SPEC_ID:
Pb
$SPEC_REM:
DET# 1
DETDESC# MULTICANAL MCB 2
AP# Maestro Version 5.30
$DATE_MEA:
01/01/1999 04:31:23
$MEAS_TIM:
300 301
$DATA:
0 1023
       0
       0
       0
       0
       2
     243
     266
     299
     280
     276
     287
     312
     328
     307
     322
     356
     375
     338
     384
     430
     472
     472
     440
     495
     547
     499
     556
     575
     603
     603
     655
     680
     662
     714
     652
     730
     747
     695
     759
     702
     686
     678
     694
     668
     722
     796
     704
     726
     712
     747
     689
     661
     680
     671
     662
     668
     693
     661
     664
     610
     617
     659
     633
     637
     607
     637
     658
     616
     601
     600
     567
     550
     601
     537
     623
     578
     533
     552
     544
     561
     540
     533
     520
     555
     528
     536
     552
     523
     560
     514
     548
     481
     516
     509
     525
     519
     526
     506
     476
     557
     572
     490
     521
     518
     505
     499
     531
     537
     502
     515
     522
     535
     540
     472
     502
     493
     467
     472
     459
     455
     509
     444
     446
     448
     419
     445
     428
     391
     400
     402
     384
     402
     377
     377
     406
     367
     401
     364
     344
     359
     372
     347
     338
     316
     370
     375
     337
     330
     341
     323
     334
     306
     323
     271
     299
     300
     302
     312
     317
     293
     278
     284
     267
     284
     272
     249
     254
     254
     271
     243
     240
     253
     247
     259
     255
     256
     263
     239
     243
     254
     242
     235
     242
     224
     254
     197
     259
     215
     220
     244
     200
     249
     217
     217
     219
     224
     193
     203
     197
     186
     213
     186
     186
     211
     203
     204
     192
     210
     207
     184
     194
     178
     226
     205
     207
     186
     200
     177
     200
     177
     169
     184
     186
     199
     192
     182
     184
     192
     175
     180
     199
     183
     199
     170
     174
     180
     190
     167
     162
     175
     195
     169
     177
     183
     201
     160
     162
     190
     152
     172
     184
     169
     186
     176
     169
     175
     151
     162
     175
     158
     167
     162
     189
     147
     155
     168
     189
     182
     168
     156
     176
     157
     175
     158
     142
     183
     153
     156
     171
     175
     151
     122
     148
     153
     162
     169
     154
     171
     171
     141
     151
     182
     170
     147
     188
     161
     167
     202
     151
     152
     174
     190
     169
     174
     168
     154
     185
     148
     153
     151
     161
     163
     157
     156
     183
     135
     161
     172
     154
     159
     171
     160
     178
     169
     159
     171
     153
     142
     150
     155
     155
     172
     174
     149
     171
     155
     169
     160
     168
     176
     168
     148
     177
     173
     149
     162
     151
     146
     151
     169
     165
     183
     160
     139
     168
     160
     161
     172
     161
     174
     158
     160
     145
     145
     137
     159
     167
     142
     149
     166
     163
     171
     138
     149
     175
     166
     152
     157
     179
     180
     181
     166
     159
     168
     161
     158
     141
     191
     160
     164
     158
     194
     172
     197
     175
     188
     175
     161
     208
     191
     167
     178
     189
     180
     181
     147
     186
     178
     199
     191
     197
     183
     157
     152
     178
     194
     192
     179
     182
     196
     154
     171
     184
     179
     186
     190
     186
     152
     195
     196
     153
     160
     181
     152
     203
     180
     177
     203
     180
     178
     194
     165
     184
     178
     182
     166
     157
     189
     151
     170
     175
     168
     185
     159
     163
     148
     162
     141
     155
     150
     119
     157
     151
     145
     132
     133
     132
     140
     153
     145
     124
     138
     144
     136
     139
     139
     138
     133
     133
     129
     118
     136
     140
     140
     111
     117
     106
     138
     122
     107
     127
     124
     129
     123
     142
     115
     119
     105
     116
     115
     101
     123
     127
     125
     113
     130
     122
     121
     108
     124
     116
     128
     150
     143
     126
     145
     116
     142
     120
     153
     147
     158
     148
     178
     165
     139
     160
     142
     171
     190
     175
     154
     188
     197
     192
     167
     198
     201
     218
     239
     191
     197
     216
     232
     236
     258
     254
     246
     251
     276
     254
     237
     263
     272
     314
     277
     280
     292
     295
     251
     270
     264
     267
     241
     257
     246
     267
     242
     273
     236
     244
     227
     219
     230
     229
     237
     245
     238
     219
     214
     211
     211
     181
     178
     184
     144
     195
     137
     163
     170
     147
     148
     131
     149
     137
     146
     145
     150
     136
     130
     137
     134
     138
     133
     155
     150
     134
     128
     143
     130
     169
     140
     161
     153
     159
     178
     173
     160
     203
     183
     157
     174
     170
     188
     179
     177
     206
     182
     177
     205
     176
     195
     214
     203
     198
     193
     203
     209
     180
     209
     188
     201
     173
     198
     185
     199
     163
     186
     187
     170
     160
     178
     147
     171
     144
     132
     137
     148
     143
     126
     126
     101
     102
     112
     114
      91
      87
      87
      81
      79
      90
      81
      52
      74
      59
      55
      55
      52
      44
      47
      44
      46
      43
      49
      35
      30
      40
      37
      36
      26
      34
      31
      23
      26
      25
      27
      22
      18
      19
      19
      23
      20
      12
      12
      11
      19
       9
      16
      13
      12
      12
      21
      11
       8
      12
      18
       9
      11
      10
       9
      15
      18
      13
      13
       7
       7
      15
       4
       5
       6
      11
       6
       7
       7
       7
       3
       9
       6
       8
       8
       3
       4
       4
       3
       8
       3
       4
       7
       9
       7
       6
       5
       4
       5
       4
       3
       3
       4
       4
       6
       4
       7
       9
       5
       5
       3
       2
       5
       2
       4
       5
       7
       4
       6
       4
       2
       2
       3
       4
       7
       3
       4
       5
       4
       3
       3
       6
       5
       3
       2
       5
       0
       0
       3
       1
       4
       4
       3
       0
       4
       2
       3
       1
       5
       3
       2
       5
       4
       1
       4
       3
       4
       3
       4
       3
       3
       3
       1
       5
       1
       5
       2
       2
       2
       3
       4
       0
       2
       2
       3
       2
       2
       1
       1
       2
       3
       4
       5
       3
       2
       0
       0
       3
       2
       5
       0
       3
       7
       3
       1
       3
       1
       5
       3
       3
       2
       1
       4
       4
       4
       6
       1
       2
       2
       1
       1
       1
       0
       7
       0
       5
       2
       5
       0
       1
       3
       3
       3
       1
       1
       1
       0
       0
       3
       3
       0
       3
       0
       1
       2
       2
       3
       1
       1
       6
       3
       3
       0
       1
       1
       1
       5
       1
       1
       2
       2
       2
       5
       3
       2
       1
       1
       1
       2
       1
       1
       1
       4
       4
       1
       0
       1
       2
       0
       1
       1
       1
       1
       0
       5
       2
       2
       3
       3
       1
       1
       4
       0
       1
       0
       0
       3
       3
       1
       4
       1
       3
       6
       1
       5
       1
       3
       6
       2
       2
       0
       1
       2
       1
       6
       1
       3
       5
       0
       1
       4
       2
       2
       2
       2
       1
       1
       3
       0
       1
       1
       0
       1
       1
       3
       2
       1
       1
       4
       1
       2
       2
       3
       1
       0
       0
       4
       0
       5
       1
       0
       2
       0
       2
       3
       3
      28
      26
      26
      32
      22
      24
      24
      20
      28
      18
      18
      25
      18
      33
      22
      26
      22
      15
      20
      18
      34
      24
      21
$ROI:
0
$PRESETS:
Live Time
300
0
$ENER_FIT:
0.000000 0.022071
$MCA_CAL:
3
0.000000E+000 2.207131E-002 0.000000E+000
$SHAPE_CAL:
3
0.000000E+000 0.000000E+000 0.000000E+000
