$SPEC_ID:
Pb
$SPEC_REM:
DET# 1
DETDESC# MULTICANAL MCB 2
AP# Maestro Version 5.30
$DATE_MEA:
01/01/1999 04:45:52
$MEAS_TIM:
300 301
$DATA:
0 1023
       0
       1
       0
       0
       1
     448
     459
     482
     435
     444
     460
     435
     459
     435
     457
     449
     477
     468
     509
     498
     535
     506
     572
     546
     578
     595
     581
     635
     631
     670
     615
     644
     673
     657
     664
     716
     656
     649
     706
     696
     676
     732
     694
     669
     704
     698
     664
     674
     629
     699
     671
     645
     672
     610
     637
     652
     639
     682
     626
     610
     594
     642
     578
     610
     649
     613
     570
     564
     576
     555
     589
     576
     569
     564
     503
     516
     516
     562
     519
     566
     521
     520
     530
     532
     515
     520
     509
     517
     534
     505
     524
     506
     548
     477
     517
     508
     463
     500
     519
     570
     526
     462
     507
     506
     485
     549
     481
     483
     479
     468
     476
     450
     472
     410
     462
     440
     437
     434
     442
     401
     434
     443
     385
     432
     390
     379
     379
     397
     344
     375
     399
     385
     354
     342
     373
     360
     353
     349
     342
     329
     327
     366
     328
     316
     298
     333
     318
     295
     328
     281
     291
     273
     340
     271
     254
     284
     298
     310
     286
     267
     258
     262
     293
     282
     254
     255
     224
     247
     252
     243
     249
     245
     234
     283
     241
     244
     256
     247
     230
     233
     252
     236
     253
     236
     213
     213
     221
     214
     228
     209
     214
     213
     239
     229
     196
     217
     209
     219
     232
     199
     193
     215
     211
     193
     195
     214
     208
     212
     184
     194
     182
     182
     195
     208
     200
     185
     202
     196
     187
     205
     178
     190
     200
     210
     182
     194
     183
     199
     170
     196
     184
     198
     190
     186
     182
     201
     192
     170
     177
     187
     177
     184
     173
     194
     201
     185
     174
     194
     198
     176
     179
     170
     171
     189
     178
     166
     199
     181
     182
     173
     155
     148
     196
     192
     195
     153
     188
     153
     176
     161
     199
     178
     178
     159
     153
     156
     160
     167
     202
     168
     169
     166
     199
     186
     172
     164
     142
     165
     167
     173
     151
     146
     159
     167
     181
     162
     191
     154
     159
     149
     168
     147
     146
     170
     176
     186
     160
     157
     169
     154
     160
     159
     172
     170
     133
     183
     156
     188
     155
     154
     148
     180
     152
     162
     172
     174
     170
     175
     174
     181
     172
     148
     166
     181
     153
     171
     212
     168
     194
     178
     197
     177
     177
     182
     179
     172
     194
     193
     171
     179
     191
     164
     190
     190
     201
     196
     194
     192
     182
     195
     156
     160
     165
     168
     181
     165
     223
     182
     175
     188
     148
     191
     197
     194
     187
     178
     171
     168
     159
     160
     191
     172
     166
     161
     157
     160
     164
     176
     182
     180
     165
     190
     177
     139
     176
     188
     144
     180
     165
     197
     164
     144
     161
     188
     174
     170
     204
     174
     193
     186
     169
     175
     184
     162
     170
     200
     182
     175
     199
     180
     186
     169
     176
     137
     185
     176
     168
     154
     172
     187
     152
     174
     170
     158
     152
     175
     153
     150
     161
     148
     150
     171
     167
     128
     154
     144
     123
     134
     127
     146
     151
     151
     116
     133
     145
     149
     127
     142
     134
     139
     137
     127
     124
     133
     133
     127
     135
     122
     141
     136
     140
     131
     119
     136
     120
     115
     108
     121
     121
     126
     117
     133
     124
     113
     135
     128
     116
     151
     119
     154
     122
     112
     127
     143
     123
     126
     132
     133
     138
     138
     137
     121
     149
     130
     135
     144
     148
     144
     135
     156
     117
     160
     140
     150
     161
     165
     145
     198
     162
     161
     152
     177
     157
     175
     163
     168
     183
     162
     181
     186
     205
     196
     198
     188
     191
     227
     160
     205
     197
     199
     205
     198
     217
     209
     202
     182
     207
     188
     182
     213
     199
     206
     199
     201
     203
     196
     194
     197
     190
     187
     166
     176
     163
     190
     197
     162
     182
     188
     181
     180
     146
     156
     145
     154
     174
     153
     145
     144
     146
     132
     126
     149
     118
     131
     124
     139
     141
     147
     151
     124
     129
     140
     126
     115
     123
     152
     118
     123
     121
     109
     146
     120
     135
     118
     132
     129
     151
     143
     132
     138
     129
     133
     124
     156
     152
     116
     120
     151
     134
     153
     129
     145
     122
     143
     133
     145
     140
     107
     143
     133
     134
     113
     107
     127
     134
     139
     102
     120
     114
     103
     112
      92
     116
      92
     101
      99
      67
      68
     103
      87
      77
      89
      61
      54
      78
      69
      51
      75
      46
      53
      50
      65
      48
      44
      50
      36
      34
      47
      40
      37
      32
      28
      24
      23
      33
      25
      18
      30
      32
      17
      28
      12
      16
      12
      16
      11
      13
      18
      13
      14
       8
       9
      17
       9
       8
       9
       6
      14
      11
       8
      13
       4
      10
       9
       8
      11
       6
      10
       9
       8
       7
      10
      12
       7
       4
      12
       2
       5
       7
       4
      10
       2
       5
      10
       6
       7
       6
      10
       3
       7
       7
       7
       8
       6
       3
       5
       2
       1
      12
       3
       6
       4
       4
       4
       1
       1
       2
       2
       3
       5
       2
       5
       3
       2
       3
       1
       0
       2
       2
       2
       6
       3
       2
       2
       2
       1
       2
       1
       3
       4
       5
       1
       2
       7
       2
       2
       4
       2
       4
       4
       5
       2
       7
       2
       4
       1
       5
       4
       1
       1
       3
       0
       3
       0
       2
       3
       4
       2
       2
       1
       2
       0
       3
       1
       3
       2
       1
       3
       3
       2
       2
       1
       1
       2
       0
       0
       4
       2
       3
       1
       2
       3
       1
       3
       2
       3
       2
       2
       3
       2
       2
       1
       1
       3
       3
       3
       3
       2
       4
       2
       1
       4
       1
       4
       1
       2
       1
       2
       1
       1
       3
       6
       4
       5
       2
       4
       3
       4
       3
       1
       5
       2
       4
       3
       0
       0
       0
       4
       2
       5
       1
       0
       2
       3
       2
       2
       1
       2
       2
       1
       2
       3
       6
       3
       2
       4
       3
       1
       3
       2
       1
       0
       1
       1
       3
       1
       4
       1
       3
       2
       2
       3
       0
       2
       3
       2
       2
       2
       3
       2
       1
       1
       1
       2
       1
       1
       1
       2
       1
       4
       2
       4
       1
       1
       2
       2
       4
       0
       1
       1
       1
       0
       1
       0
       1
       1
       0
       1
       5
       1
       0
       2
       2
       0
       1
       2
       2
       1
       1
       2
       1
       1
       1
       2
       5
       0
       2
       5
       1
       1
       3
       2
       0
       0
       0
       0
       4
       1
       3
       4
       3
       3
       2
       0
       0
       1
       0
       2
       1
       2
       1
       0
       1
       2
       1
       3
       2
       1
       3
       0
       0
       1
       0
       4
       3
       0
       2
       0
       2
       1
       3
       7
      26
      25
      20
      20
      24
      14
      19
      20
      22
      16
      17
      24
      22
      15
      21
      14
      12
      16
      21
      20
      17
      12
$ROI:
0
$PRESETS:
Live Time
300
0
$ENER_FIT:
0.000000 0.022071
$MCA_CAL:
3
0.000000E+000 2.207131E-002 0.000000E+000
$SHAPE_CAL:
3
0.000000E+000 0.000000E+000 0.000000E+000
