$SPEC_ID:
Pb
$SPEC_REM:
DET# 1
DETDESC# MULTICANAL MCB 2
AP# Maestro Version 5.30
$DATE_MEA:
01/01/1999 04:52:42
$MEAS_TIM:
300 301
$DATA:
0 1023
       0
       0
       0
       0
       1
     227
     255
     260
     257
     282
     268
     265
     261
     320
     273
     314
     291
     296
     337
     355
     411
     408
     410
     385
     425
     485
     482
     517
     500
     494
     568
     576
     583
     591
     593
     595
     658
     627
     664
     661
     659
     658
     652
     663
     683
     658
     718
     643
     610
     701
     684
     634
     674
     650
     621
     627
     631
     678
     620
     657
     657
     690
     666
     670
     627
     637
     641
     661
     634
     625
     635
     597
     591
     556
     606
     560
     597
     625
     592
     564
     571
     521
     568
     572
     519
     530
     562
     559
     544
     541
     534
     500
     511
     528
     543
     562
     541
     502
     535
     499
     551
     533
     542
     499
     510
     527
     469
     514
     478
     491
     514
     560
     479
     492
     474
     467
     445
     456
     453
     453
     436
     459
     422
     438
     404
     400
     386
     392
     402
     410
     415
     393
     348
     363
     387
     387
     354
     346
     345
     340
     343
     328
     341
     324
     277
     290
     301
     302
     310
     315
     301
     326
     295
     310
     309
     279
     293
     308
     277
     294
     288
     287
     295
     298
     302
     240
     269
     255
     247
     281
     294
     256
     262
     257
     252
     235
     239
     249
     228
     237
     258
     218
     219
     210
     220
     239
     210
     202
     232
     241
     226
     216
     200
     220
     179
     208
     217
     204
     210
     225
     184
     200
     196
     219
     202
     193
     178
     196
     204
     191
     212
     178
     199
     193
     203
     216
     201
     175
     190
     194
     189
     196
     165
     187
     194
     196
     199
     172
     164
     177
     168
     177
     158
     178
     179
     188
     174
     187
     182
     165
     178
     167
     172
     178
     178
     167
     161
     182
     157
     175
     181
     161
     165
     174
     195
     163
     158
     173
     153
     162
     182
     168
     165
     184
     168
     179
     157
     194
     192
     164
     168
     181
     162
     160
     157
     180
     176
     164
     175
     173
     182
     170
     186
     161
     158
     159
     160
     172
     185
     151
     167
     171
     133
     182
     165
     145
     169
     139
     158
     167
     164
     159
     172
     155
     147
     170
     162
     141
     161
     154
     156
     172
     167
     156
     171
     162
     140
     142
     145
     160
     174
     126
     152
     139
     161
     171
     172
     131
     149
     140
     144
     134
     143
     131
     155
     138
     124
     145
     159
     126
     132
     143
     173
     150
     149
     158
     140
     154
     160
     146
     138
     152
     150
     121
     144
     152
     152
     160
     144
     144
     143
     145
     152
     130
     149
     166
     172
     147
     132
     143
     153
     173
     145
     158
     125
     128
     151
     157
     134
     144
     149
     177
     141
     146
     170
     133
     138
     163
     138
     145
     158
     150
     149
     151
     140
     146
     161
     120
     152
     140
     144
     150
     163
     149
     161
     156
     141
     135
     157
     157
     147
     156
     157
     149
     156
     168
     153
     163
     147
     151
     150
     158
     146
     161
     167
     174
     161
     157
     137
     156
     157
     170
     155
     167
     178
     130
     146
     149
     156
     141
     140
     156
     152
     143
     167
     140
     141
     156
     139
     148
     138
     144
     157
     124
     147
     153
     129
     120
     144
     138
     133
     141
     141
     132
     113
     129
     115
     122
     129
     119
     132
     129
     144
     138
     152
     128
     138
      92
     103
     121
     151
     108
     114
     113
     130
     112
     130
      78
     108
     118
     113
     102
     121
     102
     123
     109
     114
     109
     120
     115
     107
     102
     110
      88
      90
     112
     103
     103
     112
     109
     127
     109
      90
      94
     107
     111
     103
      82
      85
      99
     108
     111
     112
      98
     111
     108
     114
     115
     106
     110
      98
     127
     116
     100
     114
     144
     126
     147
     139
     143
     134
     145
     129
     145
     149
     148
     144
     170
     169
     147
     164
     172
     145
     165
     185
     187
     177
     177
     212
     178
     190
     193
     201
     207
     219
     201
     202
     188
     211
     217
     204
     203
     214
     212
     210
     208
     194
     226
     198
     198
     210
     223
     163
     183
     184
     184
     165
     156
     167
     141
     140
     139
     148
     132
     148
     137
     147
     134
     114
     137
     113
     115
     113
     105
      97
      97
     122
      97
      96
      80
     102
      94
      84
      95
      89
      97
     118
     106
     100
      96
     105
     107
     119
     105
     102
     126
     114
     128
     123
     134
     127
     126
     132
     142
     148
     148
     146
     149
     147
     143
     137
     122
     137
     152
     146
     152
     160
     149
     165
     147
     148
     140
     178
     157
     133
     156
     142
     146
     126
     131
     124
     135
     126
     117
     106
     101
     107
     118
     116
      85
      95
     104
      91
     102
      96
      65
      87
      70
      81
      75
      60
      55
      67
      49
      53
      47
      47
      43
      53
      50
      47
      36
      29
      33
      27
      29
      31
      29
      29
      31
      27
      25
      16
      26
      24
      20
      17
      17
      20
      13
      12
      13
      12
      15
      17
      11
      16
      12
      16
      14
      11
      13
      10
      11
      10
      11
      11
      10
      10
       6
      10
      11
       8
      10
      12
       4
       7
       5
      11
       8
       7
      13
       6
      10
       6
       4
       5
       9
       6
       6
       4
      13
       4
       5
       6
       2
       3
       8
       5
       2
       2
       3
       5
       4
       3
       5
       3
       4
       1
       6
       3
       2
       3
       2
       5
       6
       3
       5
       3
       2
       4
       6
       4
       2
       3
       8
       4
       1
       2
       3
       8
       5
       3
       2
       3
       1
       2
       5
       3
       4
       0
       4
       2
       5
       1
       1
       3
       5
       2
       5
       3
       1
       1
       2
       2
       1
       4
       5
       5
       2
       5
       4
       3
       3
       3
       1
       4
       2
       4
       3
       0
       1
       2
       2
       2
       2
       2
       1
       2
       3
       4
       0
       1
       1
       2
       2
       5
       6
       5
       1
       4
       0
       0
       4
       4
       2
       4
       1
       1
       3
       0
       1
       0
       1
       4
       4
       2
       3
       4
       1
       2
       4
       0
       4
       2
       1
       3
       3
       2
       3
       1
       2
       3
       0
       2
       4
       3
       2
       1
       1
       0
       2
       0
       2
       5
       2
       0
       1
       0
       2
       3
       0
       2
       1
       1
       1
       0
       2
       5
       0
       1
       2
       1
       3
       1
       1
       0
       3
       1
       3
       0
       5
       5
       2
       4
       2
       2
       3
       2
       2
       2
       3
       0
       1
       0
       0
       2
       0
       2
       2
       3
       2
       1
       2
       3
       1
       0
       2
       2
       2
       3
       3
       1
       0
       1
       1
       0
       2
       4
       1
       2
       1
       3
       4
       1
       2
       0
       0
       0
       1
       2
       3
       0
       1
       3
       1
       1
       1
       0
       0
       4
       4
       3
       1
       0
       1
       1
       2
       2
       2
       3
       1
       1
       2
       1
       0
       1
       0
       3
       1
       3
      31
      23
      22
      16
      20
      37
      24
      35
      28
      26
      28
      19
      12
      16
      28
      30
      21
      20
      24
      18
      26
      23
      17
$ROI:
0
$PRESETS:
Live Time
300
0
$ENER_FIT:
0.000000 0.022071
$MCA_CAL:
3
0.000000E+000 2.207131E-002 0.000000E+000
$SHAPE_CAL:
3
0.000000E+000 0.000000E+000 0.000000E+000
