$SPEC_ID:
Pb
$SPEC_REM:
DET# 1
DETDESC# MULTICANAL MCB 2
AP# Maestro Version 5.30
$DATE_MEA:
01/01/1999 04:58:51
$MEAS_TIM:
300 301
$DATA:
0 1023
       0
       0
       0
       0
       1
     211
     246
     254
     262
     251
     260
     284
     234
     270
     290
     272
     309
     289
     343
     293
     321
     380
     364
     346
     409
     409
     445
     462
     486
     455
     521
     520
     588
     544
     532
     583
     586
     583
     584
     626
     634
     594
     646
     669
     597
     595
     669
     624
     622
     635
     637
     639
     646
     576
     659
     657
     612
     634
     570
     635
     610
     590
     637
     599
     652
     606
     545
     569
     609
     596
     627
     572
     562
     580
     580
     564
     611
     568
     532
     573
     532
     545
     541
     553
     520
     518
     504
     542
     530
     489
     528
     527
     492
     508
     474
     497
     528
     477
     492
     524
     520
     498
     480
     522
     508
     502
     496
     499
     498
     504
     486
     489
     447
     507
     490
     478
     483
     452
     436
     458
     437
     462
     454
     475
     416
     405
     422
     461
     399
     441
     368
     403
     391
     411
     395
     371
     352
     337
     354
     383
     332
     376
     364
     341
     341
     337
     304
     317
     347
     337
     293
     296
     337
     314
     302
     274
     324
     326
     287
     286
     306
     286
     271
     282
     283
     282
     270
     253
     267
     259
     254
     285
     265
     271
     261
     252
     250
     226
     249
     211
     240
     242
     274
     235
     231
     257
     233
     258
     234
     235
     226
     222
     238
     203
     203
     223
     239
     233
     228
     198
     195
     194
     190
     205
     204
     233
     204
     190
     205
     184
     172
     198
     192
     176
     175
     171
     202
     203
     206
     175
     189
     195
     179
     199
     172
     161
     191
     190
     169
     196
     171
     170
     166
     168
     168
     177
     167
     160
     181
     179
     178
     147
     169
     160
     156
     147
     166
     180
     179
     152
     196
     160
     161
     166
     184
     160
     170
     145
     135
     188
     149
     155
     179
     157
     165
     180
     166
     152
     180
     192
     173
     162
     163
     158
     180
     153
     168
     183
     173
     165
     149
     160
     154
     147
     186
     143
     179
     157
     157
     150
     163
     135
     154
     150
     141
     154
     145
     152
     151
     169
     148
     165
     151
     130
     164
     144
     157
     138
     129
     144
     142
     150
     138
     150
     151
     147
     149
     140
     161
     157
     139
     170
     172
     165
     143
     161
     151
     149
     161
     155
     148
     135
     154
     158
     148
     148
     125
     171
     161
     169
     151
     142
     136
     134
     163
     141
     150
     154
     151
     142
     167
     156
     156
     147
     115
     152
     138
     128
     154
     139
     162
     133
     129
     115
     166
     156
     127
     163
     144
     148
     142
     132
     146
     143
     163
     136
     140
     147
     153
     156
     118
     144
     133
     150
     153
     139
     146
     132
     174
     150
     148
     134
     137
     146
     144
     127
     138
     167
     132
     146
     147
     130
     149
     154
     152
     166
     146
     155
     160
     154
     143
     151
     155
     151
     131
     133
     150
     169
     133
     171
     156
     155
     158
     162
     161
     166
     155
     166
     145
     158
     136
     164
     148
     161
     158
     157
     157
     155
     165
     155
     163
     176
     149
     143
     163
     130
     167
     155
     166
     165
     168
     154
     149
     161
     153
     158
     159
     141
     135
     163
     140
     145
     128
     127
     184
     159
     154
     150
     183
     137
     113
     140
     151
     153
     132
     125
     136
     131
     129
     149
     163
     139
     151
     135
     123
     127
     139
     116
     138
     127
     126
     118
     132
     126
     120
     114
     131
     128
     123
     119
     111
     116
     115
     124
     109
     118
     102
     123
      87
     111
     103
      83
     102
     114
     122
     116
      89
      92
     107
     100
     104
     125
     105
     113
      94
     108
     106
     109
     115
     116
     116
     100
     101
     111
     116
     114
     104
      98
     102
     113
      93
     100
      90
     102
      98
     107
     107
     103
     123
     119
      90
     105
     102
     119
     103
     126
     116
     128
     128
     132
     106
     123
     135
     140
     154
     143
     160
     150
     146
     140
     158
     175
     159
     193
     179
     194
     172
     203
     191
     211
     179
     177
     204
     196
     199
     215
     187
     209
     207
     221
     251
     253
     216
     231
     221
     230
     221
     237
     228
     197
     202
     227
     223
     210
     180
     199
     221
     189
     170
     176
     184
     183
     161
     176
     170
     148
     132
     152
     130
     141
     147
     107
     122
      98
     130
     118
     110
      98
     115
     112
      98
      96
      89
     101
      95
      94
     102
     100
     107
      88
      86
      84
     106
      96
     108
     106
      95
     101
     115
     132
      96
     113
     104
     117
     147
     142
     152
     139
     162
     139
     124
     145
     137
     149
     160
     167
     147
     176
     170
     160
     182
     174
     138
     155
     177
     160
     181
     172
     178
     175
     155
     155
     145
     165
     136
     147
     152
     134
     152
     127
     116
     129
     128
     141
     125
      93
     108
     101
      85
      89
      88
      84
      79
      82
     101
      67
      85
      48
      60
      60
      54
      75
      55
      54
      54
      44
      32
      41
      34
      47
      37
      39
      30
      41
      32
      31
      31
      30
      27
      22
      24
      21
      21
      27
      17
      21
      20
      17
      20
      19
      15
      18
      20
      20
      16
      12
      15
       7
      14
      10
      18
      14
      11
       5
       8
      10
      13
       7
       7
       3
       7
      11
       6
       8
       9
       7
       5
       6
       4
       7
       8
       4
      11
       7
       5
       5
       6
      11
       5
       4
       2
       4
      11
       4
       8
       6
       9
       4
       4
       9
       6
       4
       3
       4
       2
       9
       4
       3
       5
       7
       5
       3
       5
       7
       5
       7
       4
       3
       3
       4
       3
       2
       2
       5
       4
       4
       4
       3
       2
       1
       5
       7
       2
       3
       2
       3
       1
       2
       2
       1
       2
       3
       4
       5
       4
       2
       1
       2
       1
       4
       2
       1
       3
       2
       5
       1
       1
       1
       3
       4
       4
       0
       0
       1
       3
       2
       5
       3
       2
       4
       3
       2
       4
       2
       3
       2
       3
       4
       4
       1
       1
       4
       2
       5
       4
       5
       3
       0
       2
       4
       5
       3
       1
       1
       2
       2
       4
       1
       3
       2
       4
       3
       2
       4
       3
       4
       2
       2
       2
       2
       1
       2
       1
       3
       1
       2
       1
       2
       0
       0
       6
       6
       3
       1
       2
       2
       4
       5
       3
       3
       1
       3
       2
       4
       2
       4
       2
       2
       0
       4
       2
       0
       2
       1
       0
       3
       0
       5
       0
       3
       2
       1
       2
       0
       2
       1
       0
       3
       3
       1
       3
       0
       2
       2
       0
       2
       2
       1
       3
       2
       2
       3
       4
       5
       1
       3
       0
       1
       1
       1
       1
       4
       0
       1
       1
       2
       1
       0
       4
       0
       2
       2
       3
       1
       2
       1
       1
       2
       3
       0
       2
       4
       0
       0
       2
       1
       1
       1
       3
       1
       8
      25
      36
      22
      20
      27
      28
      30
      24
      24
      29
      21
      31
      28
      22
      22
      25
      14
      26
      30
      26
      31
      20
      17
$ROI:
0
$PRESETS:
Live Time
300
0
$ENER_FIT:
0.000000 0.022071
$MCA_CAL:
3
0.000000E+000 2.207131E-002 0.000000E+000
$SHAPE_CAL:
3
0.000000E+000 0.000000E+000 0.000000E+000
