ID:	--
Memory	--
	--
Chn	--
1095	1,52753E-4
1096	1,69726E-4
1097	1,44267E-4
1098	1,18808E-4
1099	1,44267E-4
1100	2,03671E-4
1101	1,35781E-4
1102	1,78212E-4
1103	1,86699E-4
1104	2,12157E-4
1105	1,52753E-4
1106	1,78212E-4
1107	1,10322E-4
1108	1,27294E-4
1109	1,01836E-4
1110	1,44267E-4
1111	1,86699E-4
1112	1,35781E-4
1113	6,78904E-5
1114	1,27294E-4
1115	1,6124E-4
1116	1,95185E-4
1117	1,86699E-4
1118	1,6124E-4
1119	1,52753E-4
1120	1,35781E-4
1121	1,35781E-4
1122	1,78212E-4
1123	2,12157E-4
1124	2,03671E-4
1125	1,35781E-4
1126	1,95185E-4
1127	1,52753E-4
1128	1,52753E-4
1129	1,52753E-4
1130	6,78904E-5
1131	1,44267E-4
1132	1,78212E-4
1133	2,12157E-4
1134	1,6124E-4
1135	1,6124E-4
1136	1,44267E-4
1137	1,10322E-4
1138	1,78212E-4
1139	1,52753E-4
1140	1,27294E-4
1141	1,6124E-4
1142	2,2913E-4
1143	1,6124E-4
1144	1,35781E-4
1145	1,95185E-4
1146	1,01836E-4
1147	1,44267E-4
1148	1,35781E-4
1149	1,6124E-4
1150	1,10322E-4
1151	1,44267E-4
1152	1,95185E-4
1153	1,52753E-4
1154	1,95185E-4
1155	1,86699E-4
1156	2,37616E-4
1157	2,37616E-4
1158	2,2913E-4
1159	2,20644E-4
1160	1,18808E-4
1161	2,03671E-4
1162	1,86699E-4
1163	1,6124E-4
1164	2,12157E-4
1165	1,52753E-4
1166	1,78212E-4
1167	2,03671E-4
1168	2,20644E-4
1169	9,33493E-5
1170	1,35781E-4
1171	2,20644E-4
1172	1,69726E-4
1173	2,63075E-4
1174	2,20644E-4
1175	2,63075E-4
1176	1,86699E-4
1177	2,2913E-4
1178	1,78212E-4
1179	1,95185E-4
1180	2,12157E-4
1181	1,52753E-4
1182	2,80048E-4
1183	2,71562E-4
1184	3,13993E-4
1185	2,63075E-4
1186	1,69726E-4
1187	2,71562E-4
1188	2,71562E-4
1189	2,46103E-4
1190	3,22479E-4
1191	3,39452E-4
1192	3,73397E-4
1193	2,88534E-4
1194	4,15829E-4
1195	3,81883E-4
1196	2,2913E-4
1197	3,64911E-4
1198	4,15829E-4
1199	3,64911E-4
1200	3,47938E-4
1201	3,47938E-4
1202	3,64911E-4
1203	3,81883E-4
1204	4,5826E-4
1205	3,9037E-4
1206	3,98856E-4
1207	5,85555E-4
1208	3,9037E-4
1209	4,83719E-4
1210	3,98856E-4
1211	4,41288E-4
1212	4,66746E-4
1213	5,26151E-4
1214	5,51609E-4
1215	4,92205E-4
1216	6,44959E-4
1217	7,21335E-4
1218	9,67438E-4
1219	0,00189
1220	0,00287
1221	0,00486
1222	0,00872
1223	0,01468
1224	0,02692
1225	0,04308
1226	0,06917
1227	0,1075
1228	0,16081
1229	0,23039
1230	0,31572
1231	0,41848
1232	0,5305
1233	0,64082
1234	0,74831
1235	0,84396
1236	0,92489
1237	0,96867
1238	1
1239	0,99783
1240	0,98399
1241	0,94481
1242	0,90352
1243	0,85273
1244	0,80077
1245	0,73793
1246	0,69377
1247	0,64366
1248	0,59514
1249	0,54738
1250	0,51292
1251	0,47528
1252	0,43886
1253	0,40614
1254	0,38225
1255	0,35547
1256	0,32944
1257	0,30756
1258	0,28559
1259	0,26678
1260	0,24963
1261	0,22958
1262	0,21987
1263	0,20424
1264	0,19184
1265	0,18071
1266	0,16951
1267	0,15788
1268	0,14742
1269	0,14046
1270	0,13021
1271	0,12194
1272	0,11502
1273	0,10778
1274	0,10274
1275	0,09521
1276	0,0927
1277	0,08432
1278	0,0807
1279	0,07677
1280	0,07272
1281	0,06911
1282	0,06414
1283	0,06024
1284	0,05822
1285	0,05483
1286	0,05116
1287	0,05002
1288	0,04725
1289	0,04303
1290	0,04157
1291	0,03981
1292	0,0377
1293	0,03583
1294	0,03504
1295	0,03279
1296	0,03142
1297	0,02988
1298	0,02848
1299	0,02731
1300	0,0252
1301	0,02436
1302	0,02296
1303	0,02257
1304	0,02123
1305	0,02031
1306	0,02008
1307	0,01886
1308	0,01763
1309	0,01682
1310	0,0165
1311	0,01601
1312	0,01534
1313	0,01459
1314	0,01454
1315	0,01425
1316	0,01247
1317	0,0123
1318	0,01215
1319	0,01121
1320	0,01128
1321	0,01097
1322	0,01033
1323	0,01012
1324	0,00974
1325	0,00937
1326	0,00919
1327	0,00854
1328	0,00905
1329	0,00792
1330	0,00808
1331	0,00782
1332	0,00789
1333	0,00701
1334	0,00661
1335	0,00712
1336	0,00668
1337	0,00642
1338	0,00597
1339	0,00634
1340	0,00565
1341	0,00545
1342	0,00565
1343	0,00545
1344	0,0049
1345	0,00507
1346	0,00509
1347	0,00519
1348	0,00481
1349	0,00433
1350	0,00424
1351	0,00408
1352	0,00434
1353	0,00373
1354	0,00388
1355	0,00369
1356	0,00385
1357	0,00372
1358	0,00324
1359	0,0035
1360	0,00323
1361	0,00329
1362	0,00326
1363	0,00322
1364	0,0032
1365	0,00317
1366	0,00279
1367	0,00288
1368	0,00305
1369	0,003
1370	0,00288
1371	0,00266
1372	0,00267
1373	0,00263
1374	0,00255
1375	0,00247
1376	0,0025
1377	0,00216
1378	0,00214
1379	0,00229
1380	0,00205
1381	0,00205
1382	0,00226
1383	0,00177
1384	0,00184
1385	0,00198
1386	0,00205
1387	0,00193
1388	0,00165
1389	0,00198
1390	0,00183
1391	0,00157
1392	0,00173
1393	0,0017
1394	0,0019
1395	0,0017
1396	0,00165
1397	0,00152
1398	0,00179
1399	0,00167
1400	0,00113
1401	0,00151
1402	0,00153
1403	0,00149
1404	0,00151
1405	0,00131
1406	0,00132
1407	0,00131
1408	0,00115
1409	0,00152
1410	0,00114
1411	0,00132
1412	0,00134
1413	0,00124
1414	0,00117
1415	0,00118
1416	0,00108
1417	0,00115
1418	0,00117
1419	0,00132
1420	0,00105
1421	0,00104
1422	0,00102
1423	0,00132
1424	9,58952E-4
1425	0,00115
1426	0,00125
1427	9,41979E-4
1428	0,00106
1429	0,00102
1430	0,00104
1431	9,08034E-4
1432	9,41979E-4
1433	0,00106
1434	8,14685E-4
1435	9,33493E-4
1436	9,41979E-4
1437	9,1652E-4
1438	6,8739E-4
1439	8,82575E-4
1440	9,08034E-4
1441	9,33493E-4
1442	9,41979E-4
1443	9,58952E-4
1444	9,50465E-4
1445	8,23171E-4
1446	9,50465E-4
1447	8,31657E-4
1448	7,97712E-4
1449	9,08034E-4
1450	8,06198E-4
1451	6,78904E-4
1452	7,63767E-4
1453	6,95877E-4
1454	6,02527E-4
1455	6,70418E-4
1456	7,97712E-4
1457	7,04363E-4
1458	6,70418E-4
1459	7,55281E-4
1460	6,61931E-4
1461	6,8739E-4
1462	8,40144E-4
1463	6,61931E-4
1464	7,12849E-4
1465	6,70418E-4
1466	5,85555E-4
1467	6,61931E-4
1468	7,55281E-4
1469	7,29822E-4
1470	6,36472E-4
1471	5,94041E-4
1472	5,94041E-4
1473	5,00692E-4
1474	7,38308E-4
1475	5,77068E-4
1476	6,11014E-4
1477	5,94041E-4
1478	5,85555E-4
1479	6,27986E-4
1480	7,21335E-4
1481	5,51609E-4
1482	5,43123E-4
1483	5,43123E-4
1484	6,61931E-4
1485	5,00692E-4
1486	5,60096E-4
1487	6,11014E-4
1488	5,85555E-4
1489	5,34637E-4
1490	5,51609E-4
1491	5,77068E-4
1492	5,34637E-4
1493	4,66746E-4
1494	4,15829E-4
1495	5,77068E-4
1496	4,24315E-4
1497	4,49774E-4
1498	5,43123E-4
1499	4,5826E-4
1500	5,00692E-4
1501	4,41288E-4
1502	5,77068E-4
1503	4,66746E-4
1504	5,17664E-4
1505	4,41288E-4
1506	4,83719E-4
1507	4,83719E-4
1508	3,39452E-4
1509	5,68582E-4
1510	4,15829E-4
1511	4,15829E-4
1512	4,83719E-4
1513	4,32801E-4
1514	5,51609E-4
1515	4,49774E-4
1516	3,30966E-4
1517	4,83719E-4
1518	3,73397E-4
1519	4,15829E-4
1520	3,39452E-4
1521	3,64911E-4
1522	4,66746E-4
1523	3,9037E-4
1524	3,39452E-4
1525	4,75233E-4
1526	4,15829E-4
1527	4,24315E-4
1528	3,98856E-4
1529	3,39452E-4
1530	4,24315E-4
1531	3,9037E-4
1532	4,66746E-4
1533	4,49774E-4
1534	4,07342E-4
1535	3,73397E-4
1536	4,24315E-4
1537	3,73397E-4
1538	4,15829E-4
1539	2,46103E-4
1540	4,75233E-4
1541	4,15829E-4
1542	3,73397E-4
1543	3,13993E-4
1544	3,47938E-4
1545	4,92205E-4
1546	2,20644E-4
1547	3,39452E-4
1548	2,63075E-4
1549	4,75233E-4
1550	3,13993E-4
1551	2,9702E-4
1552	2,9702E-4
1553	3,39452E-4
1554	2,54589E-4
1555	2,80048E-4
1556	3,13993E-4
1557	3,39452E-4
1558	4,07342E-4
1559	2,9702E-4
1560	3,39452E-4
1561	2,80048E-4
1562	3,30966E-4
1563	3,56425E-4
1564	3,9037E-4
1565	3,9037E-4
1566	2,88534E-4
1567	4,41288E-4
1568	3,64911E-4
1569	2,63075E-4
1570	3,30966E-4
1571	2,80048E-4
1572	3,05507E-4
1573	3,30966E-4
1574	3,64911E-4
1575	2,20644E-4
1576	2,88534E-4
1577	2,46103E-4
1578	3,30966E-4
1579	2,20644E-4
1580	3,30966E-4
1581	4,07342E-4
1582	2,88534E-4
1583	2,37616E-4
1584	3,13993E-4
1585	3,13993E-4
1586	2,20644E-4
1587	2,12157E-4
1588	1,86699E-4
1589	1,78212E-4
1590	2,9702E-4
1591	2,9702E-4
1592	3,13993E-4
1593	2,88534E-4
1594	2,88534E-4
1595	1,69726E-4
1596	2,88534E-4
1597	2,46103E-4
1598	2,37616E-4
1599	3,30966E-4
1600	2,80048E-4
1601	2,80048E-4
1602	2,46103E-4
1603	3,64911E-4
1604	3,05507E-4
1605	2,88534E-4
1606	1,95185E-4
1607	2,20644E-4
1608	2,03671E-4
1609	2,63075E-4
1610	2,9702E-4
1611	1,78212E-4
1612	2,63075E-4
1613	3,30966E-4
1614	2,12157E-4
1615	2,71562E-4
1616	3,05507E-4
1617	2,2913E-4
1618	2,2913E-4
1619	1,78212E-4
1620	2,54589E-4
1621	1,95185E-4
1622	2,37616E-4
1623	2,54589E-4
1624	2,46103E-4
1625	2,46103E-4
1626	2,46103E-4
1627	2,12157E-4
1628	2,20644E-4
1629	1,78212E-4
1630	2,2913E-4
1631	2,54589E-4
1632	2,46103E-4
1633	2,2913E-4
1634	2,20644E-4
1635	2,12157E-4
1636	2,46103E-4
1637	2,20644E-4
1638	2,03671E-4
1639	2,46103E-4
1640	1,95185E-4
1641	2,37616E-4
1642	2,71562E-4
1643	2,63075E-4
1644	2,12157E-4
1645	2,2913E-4
1646	2,2913E-4
1647	2,63075E-4
1648	2,63075E-4
1649	1,69726E-4
1650	1,86699E-4
1651	2,63075E-4
1652	2,46103E-4
1653	2,12157E-4
1654	2,12157E-4
1655	2,9702E-4
1656	2,63075E-4
1657	1,69726E-4
1658	2,37616E-4
1659	2,63075E-4
1660	1,6124E-4
1661	1,52753E-4
1662	1,78212E-4
1663	2,20644E-4
1664	2,03671E-4
1665	2,46103E-4
1666	1,69726E-4
1667	2,37616E-4
1668	1,69726E-4
1669	1,95185E-4
1670	2,37616E-4
1671	2,12157E-4
1672	1,52753E-4
1673	1,78212E-4
1674	2,54589E-4
1675	2,03671E-4
1676	1,95185E-4
1677	2,03671E-4
1678	1,44267E-4
1679	1,52753E-4
1680	1,27294E-4
1681	2,37616E-4
1682	2,80048E-4
1683	1,86699E-4
1684	2,46103E-4
1685	1,78212E-4
1686	2,9702E-4
1687	2,20644E-4
1688	1,86699E-4
1689	2,03671E-4
1690	2,03671E-4
1691	2,03671E-4
1692	2,03671E-4
1693	1,95185E-4
1694	1,52753E-4
1695	1,95185E-4
1696	2,54589E-4
1697	1,78212E-4
1698	2,12157E-4
1699	1,95185E-4
1700	2,12157E-4
1701	2,20644E-4
1702	2,71562E-4
1703	2,2913E-4
1704	2,20644E-4
1705	1,52753E-4
1706	2,2913E-4
1707	1,69726E-4
1708	1,95185E-4
1709	1,69726E-4
1710	2,2913E-4
1711	2,37616E-4
1712	1,35781E-4
1713	1,95185E-4
1714	2,12157E-4
1715	1,52753E-4
1716	1,6124E-4
1717	1,44267E-4
1718	1,69726E-4
1719	2,63075E-4
1720	2,2913E-4
1721	2,71562E-4
1722	1,69726E-4
1723	2,2913E-4
1724	1,95185E-4
1725	1,52753E-4
1726	1,52753E-4
1727	2,03671E-4
1728	1,95185E-4
1729	1,6124E-4
1730	1,6124E-4
1731	2,20644E-4
1732	1,35781E-4
1733	1,18808E-4
1734	2,20644E-4
1735	1,52753E-4
	--
ROI:01	--
Ctrd:	0,01052
Fwhm:	1,65568E-4
Gross	--