ID:	--
Memory	--
	--
Chn	--
1108	7,13727E-5
1109	1,12157E-4
1110	1,18955E-4
1111	1,08758E-4
1112	5,77779E-5
1113	8,49675E-5
1114	1,12157E-4
1115	8,15688E-5
1116	8,49675E-5
1117	9,17649E-5
1118	1,15556E-4
1119	9,17649E-5
1120	9,85623E-5
1121	7,47714E-5
1122	7,81701E-5
1123	9,17649E-5
1124	9,51636E-5
1125	5,77779E-5
1126	1,01961E-4
1127	1,12157E-4
1128	8,15688E-5
1129	1,12157E-4
1130	1,01961E-4
1131	7,13727E-5
1132	8,49675E-5
1133	1,01961E-4
1134	7,81701E-5
1135	1,01961E-4
1136	8,15688E-5
1137	1,0536E-4
1138	1,22353E-4
1139	1,18955E-4
1140	1,0536E-4
1141	1,01961E-4
1142	1,18955E-4
1143	1,0536E-4
1144	1,01961E-4
1145	1,52942E-4
1146	9,85623E-5
1147	8,15688E-5
1148	1,0536E-4
1149	6,45753E-5
1150	1,22353E-4
1151	8,49675E-5
1152	1,08758E-4
1153	1,08758E-4
1154	8,83662E-5
1155	1,0536E-4
1156	1,0536E-4
1157	6,11766E-5
1158	1,08758E-4
1159	9,85623E-5
1160	1,15556E-4
1161	1,22353E-4
1162	1,15556E-4
1163	1,22353E-4
1164	1,12157E-4
1165	1,22353E-4
1166	1,01961E-4
1167	9,51636E-5
1168	1,08758E-4
1169	1,0536E-4
1170	8,83662E-5
1171	1,08758E-4
1172	1,12157E-4
1173	1,18955E-4
1174	9,51636E-5
1175	1,25752E-4
1176	1,08758E-4
1177	1,42745E-4
1178	1,12157E-4
1179	1,90327E-4
1180	1,52942E-4
1181	1,15556E-4
1182	1,49543E-4
1183	1,52942E-4
1184	1,49543E-4
1185	1,49543E-4
1186	1,93726E-4
1187	2,07321E-4
1188	1,59739E-4
1189	2,14118E-4
1190	1,80131E-4
1191	2,20916E-4
1192	2,1072E-4
1193	2,8889E-4
1194	1,73334E-4
1195	2,68497E-4
1196	2,54903E-4
1197	2,3451E-4
1198	2,07321E-4
1199	2,617E-4
1200	2,8889E-4
1201	3,22877E-4
1202	3,02484E-4
1203	3,09282E-4
1204	3,46668E-4
1205	3,22877E-4
1206	3,73857E-4
1207	3,6706E-4
1208	4,48629E-4
1209	3,87452E-4
1210	3,6706E-4
1211	4,14642E-4
1212	3,73857E-4
1213	3,94249E-4
1214	5,16603E-4
1215	4,82616E-4
1216	5,33596E-4
1217	7,95296E-4
1218	0,00109
1219	0,00186
1220	0,00333
1221	0,00564
1222	0,01056
1223	0,01828
1224	0,03244
1225	0,05497
1226	0,08806
1227	0,13594
1228	0,20014
1229	0,28213
1230	0,38685
1231	0,49717
1232	0,61933
1233	0,73344
1234	0,83848
1235	0,91819
1236	0,97636
1237	1
1238	0,99733
1239	0,96676
1240	0,9286
1241	0,86347
1242	0,80054
1243	0,73236
1244	0,6651
1245	0,60059
1246	0,54434
1247	0,48887
1248	0,44201
1249	0,39578
1250	0,35906
1251	0,32213
1252	0,29359
1253	0,26289
1254	0,2365
1255	0,21442
1256	0,19537
1257	0,17568
1258	0,16043
1259	0,14532
1260	0,13362
1261	0,12128
1262	0,11097
1263	0,10086
1264	0,09314
1265	0,08545
1266	0,07823
1267	0,07136
1268	0,06485
1269	0,0596
1270	0,05528
1271	0,05034
1272	0,04654
1273	0,04291
1274	0,04077
1275	0,03689
1276	0,03418
1277	0,03125
1278	0,02881
1279	0,02679
1280	0,0252
1281	0,02242
1282	0,02147
1283	0,02006
1284	0,01914
1285	0,01721
1286	0,01649
1287	0,01507
1288	0,01417
1289	0,01344
1290	0,01251
1291	0,01155
1292	0,01098
1293	0,01017
1294	0,0095
1295	0,00871
1296	0,00857
1297	0,00769
1298	0,00724
1299	0,00725
1300	0,00659
1301	0,00654
1302	0,00588
1303	0,00575
1304	0,00531
1305	0,00497
1306	0,0047
1307	0,00463
1308	0,0045
1309	0,00401
1310	0,00389
1311	0,00381
1312	0,00343
1313	0,00327
1314	0,00327
1315	0,00314
1316	0,00293
1317	0,00277
1318	0,0027
1319	0,0027
1320	0,00237
1321	0,00233
1322	0,00238
1323	0,00234
1324	0,00195
1325	0,00213
1326	0,00192
1327	0,00182
1328	0,00178
1329	0,00183
1330	0,00163
1331	0,0016
1332	0,00157
1333	0,00143
1334	0,00151
1335	0,00135
1336	0,00144
1337	0,00134
1338	0,00125
1339	0,00113
1340	0,00105
1341	0,0011
1342	0,00105
1343	0,00102
1344	0,00113
1345	9,31244E-4
1346	8,56473E-4
1347	9,48238E-4
1348	8,29283E-4
1349	8,66669E-4
1350	9,04055E-4
1351	8,36081E-4
1352	8,36081E-4
1353	7,51113E-4
1354	7,40917E-4
1355	7,23923E-4
1356	7,81701E-4
1357	7,00133E-4
1358	7,20525E-4
1359	6,69544E-4
1360	6,49152E-4
1361	6,38956E-4
1362	6,0157E-4
1363	6,89936E-4
1364	5,36995E-4
1365	6,0157E-4
1366	5,43792E-4
1367	5,64184E-4
1368	5,5059E-4
1369	4,62223E-4
1370	5,20001E-4
1371	5,40394E-4
1372	4,69021E-4
1373	4,65622E-4
1374	4,65622E-4
1375	4,21439E-4
1376	4,48629E-4
1377	3,97648E-4
1378	4,89413E-4
1379	4,75818E-4
1380	4,07844E-4
1381	4,07844E-4
1382	4,62223E-4
1383	3,53465E-4
1384	3,90851E-4
1385	3,50066E-4
1386	4,62223E-4
1387	4,41831E-4
1388	3,73857E-4
1389	3,43269E-4
1390	3,33073E-4
1391	4,31635E-4
1392	3,36471E-4
1393	3,6706E-4
1394	3,46668E-4
1395	2,92288E-4
1396	3,46668E-4
1397	4,01047E-4
1398	3,70458E-4
1399	3,73857E-4
1400	3,80655E-4
1401	3,70458E-4
1402	3,84053E-4
1403	3,12681E-4
1404	2,92288E-4
1405	2,58301E-4
1406	2,95687E-4
1407	3,05883E-4
1408	3,26275E-4
1409	3,05883E-4
1410	2,95687E-4
1411	3,09282E-4
1412	3,33073E-4
1413	2,78694E-4
1414	3,26275E-4
1415	2,617E-4
1416	2,8889E-4
1417	3,09282E-4
1418	2,82092E-4
1419	2,8889E-4
1420	3,16079E-4
1421	2,31112E-4
1422	3,02484E-4
1423	3,02484E-4
1424	3,22877E-4
1425	2,54903E-4
1426	2,92288E-4
1427	3,09282E-4
1428	2,07321E-4
1429	2,78694E-4
1430	2,1072E-4
1431	2,8889E-4
1432	2,71896E-4
1433	1,80131E-4
1434	2,44707E-4
1435	2,71896E-4
1436	2,617E-4
1437	2,75295E-4
1438	2,617E-4
1439	1,73334E-4
1440	2,3451E-4
1441	2,44707E-4
1442	2,58301E-4
1443	2,00523E-4
1444	2,3451E-4
1445	2,71896E-4
1446	2,37909E-4
1447	2,48105E-4
1448	2,48105E-4
1449	2,37909E-4
1450	1,86929E-4
1451	2,44707E-4
1452	2,617E-4
1453	1,42745E-4
1454	2,00523E-4
1455	2,51504E-4
1456	2,07321E-4
1457	2,03922E-4
1458	2,31112E-4
1459	1,90327E-4
1460	1,93726E-4
1461	2,54903E-4
1462	1,97125E-4
1463	2,07321E-4
1464	1,97125E-4
1465	2,37909E-4
1466	2,03922E-4
1467	2,07321E-4
1468	1,8353E-4
1469	2,27713E-4
1470	1,90327E-4
1471	1,90327E-4
1472	2,48105E-4
1473	1,90327E-4
1474	2,48105E-4
1475	2,17517E-4
1476	2,24314E-4
1477	2,1072E-4
1478	2,03922E-4
1479	1,8353E-4
1480	1,97125E-4
1481	1,42745E-4
1482	1,59739E-4
1483	2,27713E-4
1484	1,39347E-4
1485	1,73334E-4
1486	1,8353E-4
1487	1,69935E-4
1488	2,03922E-4
1489	2,37909E-4
1490	2,1072E-4
1491	2,24314E-4
1492	1,49543E-4
1493	1,29151E-4
1494	2,07321E-4
1495	1,66536E-4
1496	1,93726E-4
1497	1,39347E-4
1498	1,80131E-4
1499	1,8353E-4
1500	1,63138E-4
1501	1,97125E-4
1502	2,14118E-4
1503	2,14118E-4
1504	1,73334E-4
1505	1,69935E-4
1506	2,00523E-4
1507	1,86929E-4
1508	1,80131E-4
1509	1,76732E-4
1510	2,27713E-4
1511	1,63138E-4
1512	1,76732E-4
1513	2,07321E-4
1514	1,66536E-4
1515	1,49543E-4
1516	1,80131E-4
1517	1,63138E-4
1518	2,27713E-4
1519	1,69935E-4
1520	1,8353E-4
1521	1,59739E-4
1522	1,25752E-4
1523	2,00523E-4
1524	1,39347E-4
1525	1,86929E-4
1526	1,5634E-4
1527	1,76732E-4
1528	1,66536E-4
1529	1,76732E-4
1530	1,5634E-4
1531	1,76732E-4
1532	1,52942E-4
1533	1,69935E-4
1534	1,63138E-4
1535	1,49543E-4
1536	1,59739E-4
1537	1,29151E-4
1538	1,59739E-4
1539	1,52942E-4
1540	1,76732E-4
1541	1,49543E-4
1542	1,52942E-4
1543	1,5634E-4
1544	1,49543E-4
1545	1,76732E-4
1546	2,07321E-4
1547	1,73334E-4
1548	1,66536E-4
1549	1,42745E-4
1550	1,69935E-4
1551	1,42745E-4
1552	1,22353E-4
1553	1,80131E-4
1554	1,46144E-4
1555	1,49543E-4
1556	1,5634E-4
1557	1,32549E-4
1558	1,63138E-4
1559	1,39347E-4
1560	1,35948E-4
1561	1,15556E-4
1562	1,59739E-4
1563	1,5634E-4
1564	1,63138E-4
1565	1,35948E-4
1566	1,29151E-4
1567	1,73334E-4
1568	1,29151E-4
1569	1,59739E-4
1570	1,52942E-4
1571	1,49543E-4
1572	1,69935E-4
1573	1,46144E-4
1574	1,76732E-4
1575	1,12157E-4
1576	1,80131E-4
1577	1,32549E-4
1578	1,42745E-4
1579	1,29151E-4
1580	1,5634E-4
1581	1,5634E-4
1582	1,35948E-4
1583	1,49543E-4
1584	1,59739E-4
1585	9,85623E-5
1586	1,25752E-4
1587	1,49543E-4
1588	1,15556E-4
1589	1,15556E-4
1590	1,35948E-4
1591	1,01961E-4
1592	1,12157E-4
1593	1,42745E-4
1594	1,73334E-4
1595	1,39347E-4
1596	9,51636E-5
1597	1,39347E-4
1598	1,29151E-4
1599	1,32549E-4
1600	9,85623E-5
1601	1,5634E-4
1602	1,15556E-4
1603	1,08758E-4
1604	1,22353E-4
1605	1,29151E-4
1606	1,18955E-4
1607	1,25752E-4
1608	1,39347E-4
1609	1,25752E-4
1610	1,15556E-4
1611	1,25752E-4
1612	1,86929E-4
1613	1,35948E-4
1614	1,12157E-4
1615	1,46144E-4
1616	1,25752E-4
1617	1,18955E-4
1618	1,12157E-4
1619	1,01961E-4
1620	1,12157E-4
	--
ROI:01	--
Ctrd:	0,00421
Fwhm:	5,4957E-5
Gross	--